/*--------------------------------*- C++ -*----------------------------------*\
| =========                 |                                                 |
| \\      /  F ield         | OpenFOAM: The Open Source CFD Toolbox           |
|  \\    /   O peration     | Version:  2212                                  |
|   \\  /    A nd           | Website:  www.openfoam.com                      |
|    \\/     M anipulation  |                                                 |
\*---------------------------------------------------------------------------*/
FoamFile
{
    version     2.0;
    format      ascii;
    arch        "LSB;label=32;scalar=64";
    note        "nPoints:13928  nCells:2969  nFaces:16894  nInternalFaces:16024";
    class       labelList;
    location    "constant/polyMesh";
    object      neighbour;
}
// * * * * * * * * * * * * * * * * * * * * * * * * * * * * * * * * * * * * * //


16024
(
1
11
73
729
2649
2713
2841
2
92
141
729
730
1241
2649
2657
2841
2849
3
93
142
730
731
1244
2657
2665
2849
2857
4
94
143
731
732
1247
2665
2673
2857
2865
5
95
144
732
733
1250
2673
2681
2865
2873
6
96
145
733
734
1253
2681
2689
2873
2881
8
97
146
734
735
1256
2689
2697
2881
2889
47
81
672
679
1176
1240
2472
2839
2840
2960
2968
9
98
147
735
736
1259
2697
2705
2889
2897
21
82
736
2705
2897
2905
12
22
49
1177
2585
2656
2769
23
92
148
729
737
1242
2713
2714
2841
2842
13
603
680
1177
1178
2473
2585
2593
2656
2664
14
604
681
1178
1179
2475
2593
2601
2664
2672
16
605
682
1179
1180
2477
2601
2609
2672
2680
50
83
433
442
977
1041
1931
2744
2752
2780
2781
17
606
683
1180
1181
2479
2609
2617
2680
2688
18
607
684
1181
1182
2481
2617
2625
2688
2696
19
608
685
1182
1183
2483
2625
2633
2696
2704
20
609
686
1183
1184
2485
2633
2641
2704
2712
27
55
1184
2641
2712
2961
28
98
156
736
744
1262
2897
2898
2905
2906
29
610
680
1177
1185
2474
2585
2586
2769
2770
30
99
157
737
745
1265
2714
2715
2842
2843
56
84
441
448
984
1048
1944
2836
2837
2936
2944
57
85
449
456
985
1049
1947
2653
2654
2745
2753
61
86
202
211
785
849
1403
2720
2728
2777
2778
34
618
686
1184
1192
2487
2641
2642
2961
2962
35
105
165
744
752
1285
2898
2899
2906
2907
36
619
687
1185
1193
2489
2586
2587
2770
2771
37
106
166
745
753
1288
2715
2716
2843
2844
66
87
455
464
992
1056
1967
2709
2710
2937
2945
71
88
210
217
792
856
1416
2833
2834
2912
2920
73
89
218
225
793
857
1419
2650
2651
2721
2729
39
627
693
1192
1200
2502
2642
2643
2962
2963
40
112
174
752
760
1308
2899
2900
2907
2908
41
628
694
1193
1201
2504
2587
2588
2771
2772
42
113
175
753
761
1311
2716
2717
2844
2845
82
90
224
233
800
864
1439
2706
2707
2913
2921
44
636
700
1200
1208
2517
2643
2644
2963
2964
45
119
183
760
768
1331
2900
2901
2908
2909
46
637
701
1201
1209
2519
2588
2589
2772
2773
48
120
184
761
769
1334
2717
2718
2845
2846
83
91
587
596
1105
1169
2283
2760
2768
2782
2783
51
645
707
1208
1216
2532
2644
2645
2964
2965
52
126
192
768
776
1354
2901
2902
2909
2910
53
646
708
1209
1217
2534
2589
2590
2773
2774
84
595
602
1112
1176
2296
2838
2839
2952
2960
54
127
193
769
777
1357
2718
2719
2846
2847
85
603
610
1113
1177
2299
2655
2656
2761
2769
86
356
365
913
977
1755
2736
2744
2779
2780
58
654
714
1216
1224
2547
2645
2646
2965
2966
59
133
201
776
784
1377
2902
2903
2910
2911
60
655
715
1217
1225
2549
2590
2591
2774
2775
61
134
202
777
785
1380
2719
2720
2847
2848
87
609
618
1120
1184
2319
2711
2712
2953
2961
88
364
371
920
984
1768
2835
2836
2928
2936
89
372
379
921
985
1771
2652
2653
2737
2745
70
663
721
1224
1232
2562
2646
2647
2966
2967
71
140
210
784
792
1400
2903
2904
2911
2912
72
664
722
1225
1233
2564
2591
2592
2775
2776
62
785
2720
2777
2848
63
134
211
785
786
1402
2777
2785
2848
2856
64
135
212
786
787
1404
2785
2793
2856
2864
65
136
213
787
788
1406
2793
2801
2864
2872
67
137
214
788
789
1408
2801
2809
2872
2880
90
378
387
928
992
1791
2708
2709
2929
2937
68
138
215
789
790
1410
2809
2817
2880
2888
69
139
216
790
791
1412
2817
2825
2888
2896
71
140
217
791
792
1414
2825
2833
2896
2904
81
672
728
1232
1240
2577
2647
2648
2967
2968
792
2833
2904
2912
74
91
1233
2592
2776
2784
141
148
729
793
1243
2649
2650
2713
2721
75
673
722
1233
1234
2578
2592
2600
2784
2792
76
674
723
1234
1235
2579
2600
2608
2792
2800
77
675
724
1235
1236
2580
2608
2616
2800
2808
78
676
725
1236
1237
2581
2616
2624
2808
2816
79
677
726
1237
1238
2582
2624
2632
2816
2824
80
678
727
1238
1239
2583
2632
2640
2824
2832
81
679
728
1239
1240
2584
2640
2648
2832
2840
1240
2648
2840
2968
147
156
736
800
1263
2705
2706
2905
2913
510
519
1041
1105
2107
2752
2760
2781
2782
518
525
1048
1112
2120
2837
2838
2944
2952
526
533
1049
1113
2123
2654
2655
2753
2761
279
288
849
913
1579
2728
2736
2778
2779
532
541
1056
1120
2143
2710
2711
2945
2953
287
294
856
920
1592
2834
2835
2920
2928
295
302
857
921
1595
2651
2652
2729
2737
301
310
864
928
1615
2707
2708
2921
2929
664
673
1169
1233
2459
2768
2776
2783
2784
93
99
149
729
730
737
738
1241
1242
1245
1264
2841
2842
2849
2850
94
100
150
730
731
738
739
1244
1245
1248
1267
2849
2850
2857
2858
95
101
151
731
732
739
740
1247
1248
1251
1270
2857
2858
2865
2866
96
102
152
732
733
740
741
1250
1251
1254
1273
2865
2866
2873
2874
97
103
153
733
734
741
742
1253
1254
1257
1276
2873
2874
2881
2882
98
104
154
734
735
742
743
1256
1257
1260
1279
2881
2882
2889
2890
105
155
735
736
743
744
1259
1260
1262
1282
2889
2890
2897
2898
100
106
158
737
738
745
746
1264
1265
1268
1287
2842
2843
2850
2851
101
107
159
738
739
746
747
1267
1268
1271
1290
2850
2851
2858
2859
102
108
160
739
740
747
748
1270
1271
1274
1293
2858
2859
2866
2867
103
109
161
740
741
748
749
1273
1274
1277
1296
2866
2867
2874
2875
104
110
162
741
742
749
750
1276
1277
1280
1299
2874
2875
2882
2883
105
111
163
742
743
750
751
1279
1280
1283
1302
2882
2883
2890
2891
112
164
743
744
751
752
1282
1283
1285
1305
2890
2891
2898
2899
107
113
167
745
746
753
754
1287
1288
1291
1310
2843
2844
2851
2852
108
114
168
746
747
754
755
1290
1291
1294
1313
2851
2852
2859
2860
109
115
169
747
748
755
756
1293
1294
1297
1316
2859
2860
2867
2868
110
116
170
748
749
756
757
1296
1297
1300
1319
2867
2868
2875
2876
111
117
171
749
750
757
758
1299
1300
1303
1322
2875
2876
2883
2884
112
118
172
750
751
758
759
1302
1303
1306
1325
2883
2884
2891
2892
119
173
751
752
759
760
1305
1306
1308
1328
2891
2892
2899
2900
114
120
176
753
754
761
762
1310
1311
1314
1333
2844
2845
2852
2853
115
121
177
754
755
762
763
1313
1314
1317
1336
2852
2853
2860
2861
116
122
178
755
756
763
764
1316
1317
1320
1339
2860
2861
2868
2869
117
123
179
756
757
764
765
1319
1320
1323
1342
2868
2869
2876
2877
118
124
180
757
758
765
766
1322
1323
1326
1345
2876
2877
2884
2885
119
125
181
758
759
766
767
1325
1326
1329
1348
2884
2885
2892
2893
126
182
759
760
767
768
1328
1329
1331
1351
2892
2893
2900
2901
121
127
185
761
762
769
770
1333
1334
1337
1356
2845
2846
2853
2854
122
128
186
762
763
770
771
1336
1337
1340
1359
2853
2854
2861
2862
123
129
187
763
764
771
772
1339
1340
1343
1362
2861
2862
2869
2870
124
130
188
764
765
772
773
1342
1343
1346
1365
2869
2870
2877
2878
125
131
189
765
766
773
774
1345
1346
1349
1368
2877
2878
2885
2886
126
132
190
766
767
774
775
1348
1349
1352
1371
2885
2886
2893
2894
133
191
767
768
775
776
1351
1352
1354
1374
2893
2894
2901
2902
128
134
194
769
770
777
778
1356
1357
1360
1379
2846
2847
2854
2855
129
135
195
770
771
778
779
1359
1360
1363
1382
2854
2855
2862
2863
130
136
196
771
772
779
780
1362
1363
1366
1385
2862
2863
2870
2871
131
137
197
772
773
780
781
1365
1366
1369
1388
2870
2871
2878
2879
132
138
198
773
774
781
782
1368
1369
1372
1391
2878
2879
2886
2887
133
139
199
774
775
782
783
1371
1372
1375
1394
2886
2887
2894
2895
140
200
775
776
783
784
1374
1375
1377
1397
2894
2895
2902
2903
135
203
777
778
785
786
1379
1380
1383
1402
2847
2848
2855
2856
136
204
778
779
786
787
1382
1383
1386
1404
2855
2856
2863
2864
137
205
779
780
787
788
1385
1386
1389
1406
2863
2864
2871
2872
138
206
780
781
788
789
1388
1389
1392
1408
2871
2872
2879
2880
139
207
781
782
789
790
1391
1392
1395
1410
2879
2880
2887
2888
140
208
782
783
790
791
1394
1395
1398
1412
2887
2888
2895
2896
209
783
784
791
792
1397
1398
1400
1414
2895
2896
2903
2904
142
149
218
729
730
793
794
1241
1243
1246
1417
2649
2650
2657
2658
143
150
219
730
731
794
795
1244
1246
1249
1420
2657
2658
2665
2666
144
151
220
731
732
795
796
1247
1249
1252
1423
2665
2666
2673
2674
145
152
221
732
733
796
797
1250
1252
1255
1426
2673
2674
2681
2682
146
153
222
733
734
797
798
1253
1255
1258
1429
2681
2682
2689
2690
147
154
223
734
735
798
799
1256
1258
1261
1432
2689
2690
2697
2698
155
224
735
736
799
800
1259
1261
1263
1435
2697
2698
2705
2706
149
157
225
729
737
793
801
1242
1243
1266
1418
2713
2714
2721
2722
150
158
226
729
730
737
738
793
794
801
802
1241
1242
1243
1245
1246
1264
1266
1269
1417
1418
1421
1440
151
159
227
730
731
738
739
794
795
802
803
1244
1245
1246
1248
1249
1267
1269
1272
1420
1421
1424
1443
152
160
228
731
732
739
740
795
796
803
804
1247
1248
1249
1251
1252
1270
1272
1275
1423
1424
1427
1446
153
161
229
732
733
740
741
796
797
804
805
1250
1251
1252
1254
1255
1273
1275
1278
1426
1427
1430
1449
154
162
230
733
734
741
742
797
798
805
806
1253
1254
1255
1257
1258
1276
1278
1281
1429
1430
1433
1452
155
163
231
734
735
742
743
798
799
806
807
1256
1257
1258
1260
1261
1279
1281
1284
1432
1433
1436
1455
156
164
232
735
736
743
744
799
800
807
808
1259
1260
1261
1262
1263
1282
1284
1286
1435
1436
1438
1458
165
233
736
744
800
808
1262
1263
1286
1438
2905
2906
2913
2914
158
166
234
737
745
801
809
1265
1266
1289
1441
2714
2715
2722
2723
159
167
235
737
738
745
746
801
802
809
810
1264
1265
1266
1268
1269
1287
1289
1292
1440
1441
1444
1463
160
168
236
738
739
746
747
802
803
810
811
1267
1268
1269
1271
1272
1290
1292
1295
1443
1444
1447
1466
161
169
237
739
740
747
748
803
804
811
812
1270
1271
1272
1274
1275
1293
1295
1298
1446
1447
1450
1469
162
170
238
740
741
748
749
804
805
812
813
1273
1274
1275
1277
1278
1296
1298
1301
1449
1450
1453
1472
163
171
239
741
742
749
750
805
806
813
814
1276
1277
1278
1280
1281
1299
1301
1304
1452
1453
1456
1475
164
172
240
742
743
750
751
806
807
814
815
1279
1280
1281
1283
1284
1302
1304
1307
1455
1456
1459
1478
165
173
241
743
744
751
752
807
808
815
816
1282
1283
1284
1285
1286
1305
1307
1309
1458
1459
1461
1481
174
242
744
752
808
816
1285
1286
1309
1461
2906
2907
2914
2915
167
175
243
745
753
809
817
1288
1289
1312
1464
2715
2716
2723
2724
168
176
244
745
746
753
754
809
810
817
818
1287
1288
1289
1291
1292
1310
1312
1315
1463
1464
1467
1486
169
177
245
746
747
754
755
810
811
818
819
1290
1291
1292
1294
1295
1313
1315
1318
1466
1467
1470
1489
170
178
246
747
748
755
756
811
812
819
820
1293
1294
1295
1297
1298
1316
1318
1321
1469
1470
1473
1492
171
179
247
748
749
756
757
812
813
820
821
1296
1297
1298
1300
1301
1319
1321
1324
1472
1473
1476
1495
172
180
248
749
750
757
758
813
814
821
822
1299
1300
1301
1303
1304
1322
1324
1327
1475
1476
1479
1498
173
181
249
750
751
758
759
814
815
822
823
1302
1303
1304
1306
1307
1325
1327
1330
1478
1479
1482
1501
174
182
250
751
752
759
760
815
816
823
824
1305
1306
1307
1308
1309
1328
1330
1332
1481
1482
1484
1504
183
251
752
760
816
824
1308
1309
1332
1484
2907
2908
2915
2916
176
184
252
753
761
817
825
1311
1312
1335
1487
2716
2717
2724
2725
177
185
253
753
754
761
762
817
818
825
826
1310
1311
1312
1314
1315
1333
1335
1338
1486
1487
1490
1509
178
186
254
754
755
762
763
818
819
826
827
1313
1314
1315
1317
1318
1336
1338
1341
1489
1490
1493
1512
179
187
255
755
756
763
764
819
820
827
828
1316
1317
1318
1320
1321
1339
1341
1344
1492
1493
1496
1515
180
188
256
756
757
764
765
820
821
828
829
1319
1320
1321
1323
1324
1342
1344
1347
1495
1496
1499
1518
181
189
257
757
758
765
766
821
822
829
830
1322
1323
1324
1326
1327
1345
1347
1350
1498
1499
1502
1521
182
190
258
758
759
766
767
822
823
830
831
1325
1326
1327
1329
1330
1348
1350
1353
1501
1502
1505
1524
183
191
259
759
760
767
768
823
824
831
832
1328
1329
1330
1331
1332
1351
1353
1355
1504
1505
1507
1527
192
260
760
768
824
832
1331
1332
1355
1507
2908
2909
2916
2917
185
193
261
761
769
825
833
1334
1335
1358
1510
2717
2718
2725
2726
186
194
262
761
762
769
770
825
826
833
834
1333
1334
1335
1337
1338
1356
1358
1361
1509
1510
1513
1532
187
195
263
762
763
770
771
826
827
834
835
1336
1337
1338
1340
1341
1359
1361
1364
1512
1513
1516
1535
188
196
264
763
764
771
772
827
828
835
836
1339
1340
1341
1343
1344
1362
1364
1367
1515
1516
1519
1538
189
197
265
764
765
772
773
828
829
836
837
1342
1343
1344
1346
1347
1365
1367
1370
1518
1519
1522
1541
190
198
266
765
766
773
774
829
830
837
838
1345
1346
1347
1349
1350
1368
1370
1373
1521
1522
1525
1544
191
199
267
766
767
774
775
830
831
838
839
1348
1349
1350
1352
1353
1371
1373
1376
1524
1525
1528
1547
192
200
268
767
768
775
776
831
832
839
840
1351
1352
1353
1354
1355
1374
1376
1378
1527
1528
1530
1550
201
269
768
776
832
840
1354
1355
1378
1530
2909
2910
2917
2918
194
202
270
769
777
833
841
1357
1358
1381
1533
2718
2719
2726
2727
195
203
271
769
770
777
778
833
834
841
842
1356
1357
1358
1360
1361
1379
1381
1384
1532
1533
1536
1555
196
204
272
770
771
778
779
834
835
842
843
1359
1360
1361
1363
1364
1382
1384
1387
1535
1536
1539
1558
197
205
273
771
772
779
780
835
836
843
844
1362
1363
1364
1366
1367
1385
1387
1390
1538
1539
1542
1561
198
206
274
772
773
780
781
836
837
844
845
1365
1366
1367
1369
1370
1388
1390
1393
1541
1542
1545
1564
199
207
275
773
774
781
782
837
838
845
846
1368
1369
1370
1372
1373
1391
1393
1396
1544
1545
1548
1567
200
208
276
774
775
782
783
838
839
846
847
1371
1372
1373
1375
1376
1394
1396
1399
1547
1548
1551
1570
201
209
277
775
776
783
784
839
840
847
848
1374
1375
1376
1377
1378
1397
1399
1401
1550
1551
1553
1573
210
278
776
784
840
848
1377
1378
1401
1553
2910
2911
2918
2919
203
279
777
785
841
849
1380
1381
1403
1556
2719
2720
2727
2728
204
211
280
777
778
785
786
841
842
849
850
1379
1380
1381
1383
1384
1402
1403
1405
1555
1556
1559
1578
205
212
281
778
779
786
787
842
843
850
851
1382
1383
1384
1386
1387
1404
1405
1407
1558
1559
1562
1580
206
213
282
779
780
787
788
843
844
851
852
1385
1386
1387
1389
1390
1406
1407
1409
1561
1562
1565
1582
207
214
283
780
781
788
789
844
845
852
853
1388
1389
1390
1392
1393
1408
1409
1411
1564
1565
1568
1584
208
215
284
781
782
789
790
845
846
853
854
1391
1392
1393
1395
1396
1410
1411
1413
1567
1568
1571
1586
209
216
285
782
783
790
791
846
847
854
855
1394
1395
1396
1398
1399
1412
1413
1415
1570
1571
1574
1588
210
217
286
783
784
791
792
847
848
855
856
1397
1398
1399
1400
1401
1414
1415
1416
1573
1574
1576
1590
287
784
792
848
856
1400
1401
1416
1576
2911
2912
2919
2920
212
288
785
786
849
850
1402
1403
1405
1578
2777
2778
2785
2786
213
289
786
787
850
851
1404
1405
1407
1580
2785
2786
2793
2794
214
290
787
788
851
852
1406
1407
1409
1582
2793
2794
2801
2802
215
291
788
789
852
853
1408
1409
1411
1584
2801
2802
2809
2810
216
292
789
790
853
854
1410
1411
1413
1586
2809
2810
2817
2818
217
293
790
791
854
855
1412
1413
1415
1588
2817
2818
2825
2826
294
791
792
855
856
1414
1415
1416
1590
2825
2826
2833
2834
219
226
295
793
794
857
858
1417
1419
1422
1593
2650
2651
2658
2659
220
227
296
794
795
858
859
1420
1422
1425
1596
2658
2659
2666
2667
221
228
297
795
796
859
860
1423
1425
1428
1599
2666
2667
2674
2675
222
229
298
796
797
860
861
1426
1428
1431
1602
2674
2675
2682
2683
223
230
299
797
798
861
862
1429
1431
1434
1605
2682
2683
2690
2691
224
231
300
798
799
862
863
1432
1434
1437
1608
2690
2691
2698
2699
232
301
799
800
863
864
1435
1437
1439
1611
2698
2699
2706
2707
226
234
302
793
801
857
865
1418
1419
1442
1594
2721
2722
2729
2730
227
235
303
793
794
801
802
857
858
865
866
1417
1418
1419
1421
1422
1440
1442
1445
1593
1594
1597
1616
228
236
304
794
795
802
803
858
859
866
867
1420
1421
1422
1424
1425
1443
1445
1448
1596
1597
1600
1619
229
237
305
795
796
803
804
859
860
867
868
1423
1424
1425
1427
1428
1446
1448
1451
1599
1600
1603
1622
230
238
306
796
797
804
805
860
861
868
869
1426
1427
1428
1430
1431
1449
1451
1454
1602
1603
1606
1625
231
239
307
797
798
805
806
861
862
869
870
1429
1430
1431
1433
1434
1452
1454
1457
1605
1606
1609
1628
232
240
308
798
799
806
807
862
863
870
871
1432
1433
1434
1436
1437
1455
1457
1460
1608
1609
1612
1631
233
241
309
799
800
807
808
863
864
871
872
1435
1436
1437
1438
1439
1458
1460
1462
1611
1612
1614
1634
242
310
800
808
864
872
1438
1439
1462
1614
2913
2914
2921
2922
235
243
311
801
809
865
873
1441
1442
1465
1617
2722
2723
2730
2731
236
244
312
801
802
809
810
865
866
873
874
1440
1441
1442
1444
1445
1463
1465
1468
1616
1617
1620
1639
237
245
313
802
803
810
811
866
867
874
875
1443
1444
1445
1447
1448
1466
1468
1471
1619
1620
1623
1642
238
246
314
803
804
811
812
867
868
875
876
1446
1447
1448
1450
1451
1469
1471
1474
1622
1623
1626
1645
239
247
315
804
805
812
813
868
869
876
877
1449
1450
1451
1453
1454
1472
1474
1477
1625
1626
1629
1648
240
248
316
805
806
813
814
869
870
877
878
1452
1453
1454
1456
1457
1475
1477
1480
1628
1629
1632
1651
241
249
317
806
807
814
815
870
871
878
879
1455
1456
1457
1459
1460
1478
1480
1483
1631
1632
1635
1654
242
250
318
807
808
815
816
871
872
879
880
1458
1459
1460
1461
1462
1481
1483
1485
1634
1635
1637
1657
251
319
808
816
872
880
1461
1462
1485
1637
2914
2915
2922
2923
244
252
320
809
817
873
881
1464
1465
1488
1640
2723
2724
2731
2732
245
253
321
809
810
817
818
873
874
881
882
1463
1464
1465
1467
1468
1486
1488
1491
1639
1640
1643
1662
246
254
322
810
811
818
819
874
875
882
883
1466
1467
1468
1470
1471
1489
1491
1494
1642
1643
1646
1665
247
255
323
811
812
819
820
875
876
883
884
1469
1470
1471
1473
1474
1492
1494
1497
1645
1646
1649
1668
248
256
324
812
813
820
821
876
877
884
885
1472
1473
1474
1476
1477
1495
1497
1500
1648
1649
1652
1671
249
257
325
813
814
821
822
877
878
885
886
1475
1476
1477
1479
1480
1498
1500
1503
1651
1652
1655
1674
250
258
326
814
815
822
823
878
879
886
887
1478
1479
1480
1482
1483
1501
1503
1506
1654
1655
1658
1677
251
259
327
815
816
823
824
879
880
887
888
1481
1482
1483
1484
1485
1504
1506
1508
1657
1658
1660
1680
260
328
816
824
880
888
1484
1485
1508
1660
2915
2916
2923
2924
253
261
329
817
825
881
889
1487
1488
1511
1663
2724
2725
2732
2733
254
262
330
817
818
825
826
881
882
889
890
1486
1487
1488
1490
1491
1509
1511
1514
1662
1663
1666
1685
255
263
331
818
819
826
827
882
883
890
891
1489
1490
1491
1493
1494
1512
1514
1517
1665
1666
1669
1688
256
264
332
819
820
827
828
883
884
891
892
1492
1493
1494
1496
1497
1515
1517
1520
1668
1669
1672
1691
257
265
333
820
821
828
829
884
885
892
893
1495
1496
1497
1499
1500
1518
1520
1523
1671
1672
1675
1694
258
266
334
821
822
829
830
885
886
893
894
1498
1499
1500
1502
1503
1521
1523
1526
1674
1675
1678
1697
259
267
335
822
823
830
831
886
887
894
895
1501
1502
1503
1505
1506
1524
1526
1529
1677
1678
1681
1700
260
268
336
823
824
831
832
887
888
895
896
1504
1505
1506
1507
1508
1527
1529
1531
1680
1681
1683
1703
269
337
824
832
888
896
1507
1508
1531
1683
2916
2917
2924
2925
262
270
338
825
833
889
897
1510
1511
1534
1686
2725
2726
2733
2734
263
271
339
825
826
833
834
889
890
897
898
1509
1510
1511
1513
1514
1532
1534
1537
1685
1686
1689
1708
264
272
340
826
827
834
835
890
891
898
899
1512
1513
1514
1516
1517
1535
1537
1540
1688
1689
1692
1711
265
273
341
827
828
835
836
891
892
899
900
1515
1516
1517
1519
1520
1538
1540
1543
1691
1692
1695
1714
266
274
342
828
829
836
837
892
893
900
901
1518
1519
1520
1522
1523
1541
1543
1546
1694
1695
1698
1717
267
275
343
829
830
837
838
893
894
901
902
1521
1522
1523
1525
1526
1544
1546
1549
1697
1698
1701
1720
268
276
344
830
831
838
839
894
895
902
903
1524
1525
1526
1528
1529
1547
1549
1552
1700
1701
1704
1723
269
277
345
831
832
839
840
895
896
903
904
1527
1528
1529
1530
1531
1550
1552
1554
1703
1704
1706
1726
278
346
832
840
896
904
1530
1531
1554
1706
2917
2918
2925
2926
271
279
347
833
841
897
905
1533
1534
1557
1709
2726
2727
2734
2735
272
280
348
833
834
841
842
897
898
905
906
1532
1533
1534
1536
1537
1555
1557
1560
1708
1709
1712
1731
273
281
349
834
835
842
843
898
899
906
907
1535
1536
1537
1539
1540
1558
1560
1563
1711
1712
1715
1734
274
282
350
835
836
843
844
899
900
907
908
1538
1539
1540
1542
1543
1561
1563
1566
1714
1715
1718
1737
275
283
351
836
837
844
845
900
901
908
909
1541
1542
1543
1545
1546
1564
1566
1569
1717
1718
1721
1740
276
284
352
837
838
845
846
901
902
909
910
1544
1545
1546
1548
1549
1567
1569
1572
1720
1721
1724
1743
277
285
353
838
839
846
847
902
903
910
911
1547
1548
1549
1551
1552
1570
1572
1575
1723
1724
1727
1746
278
286
354
839
840
847
848
903
904
911
912
1550
1551
1552
1553
1554
1573
1575
1577
1726
1727
1729
1749
287
355
840
848
904
912
1553
1554
1577
1729
2918
2919
2926
2927
280
356
841
849
905
913
1556
1557
1579
1732
2727
2728
2735
2736
281
288
357
841
842
849
850
905
906
913
914
1555
1556
1557
1559
1560
1578
1579
1581
1731
1732
1735
1754
282
289
358
842
843
850
851
906
907
914
915
1558
1559
1560
1562
1563
1580
1581
1583
1734
1735
1738
1756
283
290
359
843
844
851
852
907
908
915
916
1561
1562
1563
1565
1566
1582
1583
1585
1737
1738
1741
1758
284
291
360
844
845
852
853
908
909
916
917
1564
1565
1566
1568
1569
1584
1585
1587
1740
1741
1744
1760
285
292
361
845
846
853
854
909
910
917
918
1567
1568
1569
1571
1572
1586
1587
1589
1743
1744
1747
1762
286
293
362
846
847
854
855
910
911
918
919
1570
1571
1572
1574
1575
1588
1589
1591
1746
1747
1750
1764
287
294
363
847
848
855
856
911
912
919
920
1573
1574
1575
1576
1577
1590
1591
1592
1749
1750
1752
1766
364
848
856
912
920
1576
1577
1592
1752
2919
2920
2927
2928
289
365
849
850
913
914
1578
1579
1581
1754
2778
2779
2786
2787
290
366
850
851
914
915
1580
1581
1583
1756
2786
2787
2794
2795
291
367
851
852
915
916
1582
1583
1585
1758
2794
2795
2802
2803
292
368
852
853
916
917
1584
1585
1587
1760
2802
2803
2810
2811
293
369
853
854
917
918
1586
1587
1589
1762
2810
2811
2818
2819
294
370
854
855
918
919
1588
1589
1591
1764
2818
2819
2826
2827
371
855
856
919
920
1590
1591
1592
1766
2826
2827
2834
2835
296
303
372
857
858
921
922
1593
1595
1598
1769
2651
2652
2659
2660
297
304
373
858
859
922
923
1596
1598
1601
1772
2659
2660
2667
2668
298
305
374
859
860
923
924
1599
1601
1604
1775
2667
2668
2675
2676
299
306
375
860
861
924
925
1602
1604
1607
1778
2675
2676
2683
2684
300
307
376
861
862
925
926
1605
1607
1610
1781
2683
2684
2691
2692
301
308
377
862
863
926
927
1608
1610
1613
1784
2691
2692
2699
2700
309
378
863
864
927
928
1611
1613
1615
1787
2699
2700
2707
2708
303
311
379
857
865
921
929
1594
1595
1618
1770
2729
2730
2737
2738
304
312
380
857
858
865
866
921
922
929
930
1593
1594
1595
1597
1598
1616
1618
1621
1769
1770
1773
1792
305
313
381
858
859
866
867
922
923
930
931
1596
1597
1598
1600
1601
1619
1621
1624
1772
1773
1776
1795
306
314
382
859
860
867
868
923
924
931
932
1599
1600
1601
1603
1604
1622
1624
1627
1775
1776
1779
1798
307
315
383
860
861
868
869
924
925
932
933
1602
1603
1604
1606
1607
1625
1627
1630
1778
1779
1782
1801
308
316
384
861
862
869
870
925
926
933
934
1605
1606
1607
1609
1610
1628
1630
1633
1781
1782
1785
1804
309
317
385
862
863
870
871
926
927
934
935
1608
1609
1610
1612
1613
1631
1633
1636
1784
1785
1788
1807
310
318
386
863
864
871
872
927
928
935
936
1611
1612
1613
1614
1615
1634
1636
1638
1787
1788
1790
1810
319
387
864
872
928
936
1614
1615
1638
1790
2921
2922
2929
2930
312
320
388
865
873
929
937
1617
1618
1641
1793
2730
2731
2738
2739
313
321
389
865
866
873
874
929
930
937
938
1616
1617
1618
1620
1621
1639
1641
1644
1792
1793
1796
1815
314
322
390
866
867
874
875
930
931
938
939
1619
1620
1621
1623
1624
1642
1644
1647
1795
1796
1799
1818
315
323
391
867
868
875
876
931
932
939
940
1622
1623
1624
1626
1627
1645
1647
1650
1798
1799
1802
1821
316
324
392
868
869
876
877
932
933
940
941
1625
1626
1627
1629
1630
1648
1650
1653
1801
1802
1805
1824
317
325
393
869
870
877
878
933
934
941
942
1628
1629
1630
1632
1633
1651
1653
1656
1804
1805
1808
1827
318
326
394
870
871
878
879
934
935
942
943
1631
1632
1633
1635
1636
1654
1656
1659
1807
1808
1811
1830
319
327
395
871
872
879
880
935
936
943
944
1634
1635
1636
1637
1638
1657
1659
1661
1810
1811
1813
1833
328
396
872
880
936
944
1637
1638
1661
1813
2922
2923
2930
2931
321
329
397
873
881
937
945
1640
1641
1664
1816
2731
2732
2739
2740
322
330
398
873
874
881
882
937
938
945
946
1639
1640
1641
1643
1644
1662
1664
1667
1815
1816
1819
1838
323
331
399
874
875
882
883
938
939
946
947
1642
1643
1644
1646
1647
1665
1667
1670
1818
1819
1822
1841
324
332
400
875
876
883
884
939
940
947
948
1645
1646
1647
1649
1650
1668
1670
1673
1821
1822
1825
1844
325
333
401
876
877
884
885
940
941
948
949
1648
1649
1650
1652
1653
1671
1673
1676
1824
1825
1828
1847
326
334
402
877
878
885
886
941
942
949
950
1651
1652
1653
1655
1656
1674
1676
1679
1827
1828
1831
1850
327
335
403
878
879
886
887
942
943
950
951
1654
1655
1656
1658
1659
1677
1679
1682
1830
1831
1834
1853
328
336
404
879
880
887
888
943
944
951
952
1657
1658
1659
1660
1661
1680
1682
1684
1833
1834
1836
1856
337
405
880
888
944
952
1660
1661
1684
1836
2923
2924
2931
2932
330
338
406
881
889
945
953
1663
1664
1687
1839
2732
2733
2740
2741
331
339
407
881
882
889
890
945
946
953
954
1662
1663
1664
1666
1667
1685
1687
1690
1838
1839
1842
1861
332
340
408
882
883
890
891
946
947
954
955
1665
1666
1667
1669
1670
1688
1690
1693
1841
1842
1845
1864
333
341
409
883
884
891
892
947
948
955
956
1668
1669
1670
1672
1673
1691
1693
1696
1844
1845
1848
1867
334
342
410
884
885
892
893
948
949
956
957
1671
1672
1673
1675
1676
1694
1696
1699
1847
1848
1851
1870
335
343
411
885
886
893
894
949
950
957
958
1674
1675
1676
1678
1679
1697
1699
1702
1850
1851
1854
1873
336
344
412
886
887
894
895
950
951
958
959
1677
1678
1679
1681
1682
1700
1702
1705
1853
1854
1857
1876
337
345
413
887
888
895
896
951
952
959
960
1680
1681
1682
1683
1684
1703
1705
1707
1856
1857
1859
1879
346
414
888
896
952
960
1683
1684
1707
1859
2924
2925
2932
2933
339
347
415
889
897
953
961
1686
1687
1710
1862
2733
2734
2741
2742
340
348
416
889
890
897
898
953
954
961
962
1685
1686
1687
1689
1690
1708
1710
1713
1861
1862
1865
1884
341
349
417
890
891
898
899
954
955
962
963
1688
1689
1690
1692
1693
1711
1713
1716
1864
1865
1868
1887
342
350
418
891
892
899
900
955
956
963
964
1691
1692
1693
1695
1696
1714
1716
1719
1867
1868
1871
1890
343
351
419
892
893
900
901
956
957
964
965
1694
1695
1696
1698
1699
1717
1719
1722
1870
1871
1874
1893
344
352
420
893
894
901
902
957
958
965
966
1697
1698
1699
1701
1702
1720
1722
1725
1873
1874
1877
1896
345
353
421
894
895
902
903
958
959
966
967
1700
1701
1702
1704
1705
1723
1725
1728
1876
1877
1880
1899
346
354
422
895
896
903
904
959
960
967
968
1703
1704
1705
1706
1707
1726
1728
1730
1879
1880
1882
1902
355
423
896
904
960
968
1706
1707
1730
1882
2925
2926
2933
2934
348
356
424
897
905
961
969
1709
1710
1733
1885
2734
2735
2742
2743
349
357
425
897
898
905
906
961
962
969
970
1708
1709
1710
1712
1713
1731
1733
1736
1884
1885
1888
1907
350
358
426
898
899
906
907
962
963
970
971
1711
1712
1713
1715
1716
1734
1736
1739
1887
1888
1891
1910
351
359
427
899
900
907
908
963
964
971
972
1714
1715
1716
1718
1719
1737
1739
1742
1890
1891
1894
1913
352
360
428
900
901
908
909
964
965
972
973
1717
1718
1719
1721
1722
1740
1742
1745
1893
1894
1897
1916
353
361
429
901
902
909
910
965
966
973
974
1720
1721
1722
1724
1725
1743
1745
1748
1896
1897
1900
1919
354
362
430
902
903
910
911
966
967
974
975
1723
1724
1725
1727
1728
1746
1748
1751
1899
1900
1903
1922
355
363
431
903
904
911
912
967
968
975
976
1726
1727
1728
1729
1730
1749
1751
1753
1902
1903
1905
1925
364
432
904
912
968
976
1729
1730
1753
1905
2926
2927
2934
2935
357
433
905
913
969
977
1732
1733
1755
1908
2735
2736
2743
2744
358
365
434
905
906
913
914
969
970
977
978
1731
1732
1733
1735
1736
1754
1755
1757
1907
1908
1911
1930
359
366
435
906
907
914
915
970
971
978
979
1734
1735
1736
1738
1739
1756
1757
1759
1910
1911
1914
1932
360
367
436
907
908
915
916
971
972
979
980
1737
1738
1739
1741
1742
1758
1759
1761
1913
1914
1917
1934
361
368
437
908
909
916
917
972
973
980
981
1740
1741
1742
1744
1745
1760
1761
1763
1916
1917
1920
1936
362
369
438
909
910
917
918
973
974
981
982
1743
1744
1745
1747
1748
1762
1763
1765
1919
1920
1923
1938
363
370
439
910
911
918
919
974
975
982
983
1746
1747
1748
1750
1751
1764
1765
1767
1922
1923
1926
1940
364
371
440
911
912
919
920
975
976
983
984
1749
1750
1751
1752
1753
1766
1767
1768
1925
1926
1928
1942
441
912
920
976
984
1752
1753
1768
1928
2927
2928
2935
2936
366
442
913
914
977
978
1754
1755
1757
1930
2779
2780
2787
2788
367
443
914
915
978
979
1756
1757
1759
1932
2787
2788
2795
2796
368
444
915
916
979
980
1758
1759
1761
1934
2795
2796
2803
2804
369
445
916
917
980
981
1760
1761
1763
1936
2803
2804
2811
2812
370
446
917
918
981
982
1762
1763
1765
1938
2811
2812
2819
2820
371
447
918
919
982
983
1764
1765
1767
1940
2819
2820
2827
2828
448
919
920
983
984
1766
1767
1768
1942
2827
2828
2835
2836
373
380
449
921
922
985
986
1769
1771
1774
1945
2652
2653
2660
2661
374
381
450
922
923
986
987
1772
1774
1777
1948
2660
2661
2668
2669
375
382
451
923
924
987
988
1775
1777
1780
1951
2668
2669
2676
2677
376
383
452
924
925
988
989
1778
1780
1783
1954
2676
2677
2684
2685
377
384
453
925
926
989
990
1781
1783
1786
1957
2684
2685
2692
2693
378
385
454
926
927
990
991
1784
1786
1789
1960
2692
2693
2700
2701
386
455
927
928
991
992
1787
1789
1791
1963
2700
2701
2708
2709
380
388
456
921
929
985
993
1770
1771
1794
1946
2737
2738
2745
2746
381
389
457
921
922
929
930
985
986
993
994
1769
1770
1771
1773
1774
1792
1794
1797
1945
1946
1949
1968
382
390
458
922
923
930
931
986
987
994
995
1772
1773
1774
1776
1777
1795
1797
1800
1948
1949
1952
1971
383
391
459
923
924
931
932
987
988
995
996
1775
1776
1777
1779
1780
1798
1800
1803
1951
1952
1955
1974
384
392
460
924
925
932
933
988
989
996
997
1778
1779
1780
1782
1783
1801
1803
1806
1954
1955
1958
1977
385
393
461
925
926
933
934
989
990
997
998
1781
1782
1783
1785
1786
1804
1806
1809
1957
1958
1961
1980
386
394
462
926
927
934
935
990
991
998
999
1784
1785
1786
1788
1789
1807
1809
1812
1960
1961
1964
1983
387
395
463
927
928
935
936
991
992
999
1000
1787
1788
1789
1790
1791
1810
1812
1814
1963
1964
1966
1986
396
464
928
936
992
1000
1790
1791
1814
1966
2929
2930
2937
2938
389
397
465
929
937
993
1001
1793
1794
1817
1969
2738
2739
2746
2747
390
398
466
929
930
937
938
993
994
1001
1002
1792
1793
1794
1796
1797
1815
1817
1820
1968
1969
1972
1991
391
399
467
930
931
938
939
994
995
1002
1003
1795
1796
1797
1799
1800
1818
1820
1823
1971
1972
1975
1994
392
400
468
931
932
939
940
995
996
1003
1004
1798
1799
1800
1802
1803
1821
1823
1826
1974
1975
1978
1997
393
401
469
932
933
940
941
996
997
1004
1005
1801
1802
1803
1805
1806
1824
1826
1829
1977
1978
1981
2000
394
402
470
933
934
941
942
997
998
1005
1006
1804
1805
1806
1808
1809
1827
1829
1832
1980
1981
1984
2003
395
403
471
934
935
942
943
998
999
1006
1007
1807
1808
1809
1811
1812
1830
1832
1835
1983
1984
1987
2006
396
404
472
935
936
943
944
999
1000
1007
1008
1810
1811
1812
1813
1814
1833
1835
1837
1986
1987
1989
2009
405
473
936
944
1000
1008
1813
1814
1837
1989
2930
2931
2938
2939
398
406
474
937
945
1001
1009
1816
1817
1840
1992
2739
2740
2747
2748
399
407
475
937
938
945
946
1001
1002
1009
1010
1815
1816
1817
1819
1820
1838
1840
1843
1991
1992
1995
2014
400
408
476
938
939
946
947
1002
1003
1010
1011
1818
1819
1820
1822
1823
1841
1843
1846
1994
1995
1998
2017
401
409
477
939
940
947
948
1003
1004
1011
1012
1821
1822
1823
1825
1826
1844
1846
1849
1997
1998
2001
2020
402
410
478
940
941
948
949
1004
1005
1012
1013
1824
1825
1826
1828
1829
1847
1849
1852
2000
2001
2004
2023
403
411
479
941
942
949
950
1005
1006
1013
1014
1827
1828
1829
1831
1832
1850
1852
1855
2003
2004
2007
2026
404
412
480
942
943
950
951
1006
1007
1014
1015
1830
1831
1832
1834
1835
1853
1855
1858
2006
2007
2010
2029
405
413
481
943
944
951
952
1007
1008
1015
1016
1833
1834
1835
1836
1837
1856
1858
1860
2009
2010
2012
2032
414
482
944
952
1008
1016
1836
1837
1860
2012
2931
2932
2939
2940
407
415
483
945
953
1009
1017
1839
1840
1863
2015
2740
2741
2748
2749
408
416
484
945
946
953
954
1009
1010
1017
1018
1838
1839
1840
1842
1843
1861
1863
1866
2014
2015
2018
2037
409
417
485
946
947
954
955
1010
1011
1018
1019
1841
1842
1843
1845
1846
1864
1866
1869
2017
2018
2021
2040
410
418
486
947
948
955
956
1011
1012
1019
1020
1844
1845
1846
1848
1849
1867
1869
1872
2020
2021
2024
2043
411
419
487
948
949
956
957
1012
1013
1020
1021
1847
1848
1849
1851
1852
1870
1872
1875
2023
2024
2027
2046
412
420
488
949
950
957
958
1013
1014
1021
1022
1850
1851
1852
1854
1855
1873
1875
1878
2026
2027
2030
2049
413
421
489
950
951
958
959
1014
1015
1022
1023
1853
1854
1855
1857
1858
1876
1878
1881
2029
2030
2033
2052
414
422
490
951
952
959
960
1015
1016
1023
1024
1856
1857
1858
1859
1860
1879
1881
1883
2032
2033
2035
2055
423
491
952
960
1016
1024
1859
1860
1883
2035
2932
2933
2940
2941
416
424
492
953
961
1017
1025
1862
1863
1886
2038
2741
2742
2749
2750
417
425
493
953
954
961
962
1017
1018
1025
1026
1861
1862
1863
1865
1866
1884
1886
1889
2037
2038
2041
2060
418
426
494
954
955
962
963
1018
1019
1026
1027
1864
1865
1866
1868
1869
1887
1889
1892
2040
2041
2044
2063
419
427
495
955
956
963
964
1019
1020
1027
1028
1867
1868
1869
1871
1872
1890
1892
1895
2043
2044
2047
2066
420
428
496
956
957
964
965
1020
1021
1028
1029
1870
1871
1872
1874
1875
1893
1895
1898
2046
2047
2050
2069
421
429
497
957
958
965
966
1021
1022
1029
1030
1873
1874
1875
1877
1878
1896
1898
1901
2049
2050
2053
2072
422
430
498
958
959
966
967
1022
1023
1030
1031
1876
1877
1878
1880
1881
1899
1901
1904
2052
2053
2056
2075
423
431
499
959
960
967
968
1023
1024
1031
1032
1879
1880
1881
1882
1883
1902
1904
1906
2055
2056
2058
2078
432
500
960
968
1024
1032
1882
1883
1906
2058
2933
2934
2941
2942
425
433
501
961
969
1025
1033
1885
1886
1909
2061
2742
2743
2750
2751
426
434
502
961
962
969
970
1025
1026
1033
1034
1884
1885
1886
1888
1889
1907
1909
1912
2060
2061
2064
2083
427
435
503
962
963
970
971
1026
1027
1034
1035
1887
1888
1889
1891
1892
1910
1912
1915
2063
2064
2067
2086
428
436
504
963
964
971
972
1027
1028
1035
1036
1890
1891
1892
1894
1895
1913
1915
1918
2066
2067
2070
2089
429
437
505
964
965
972
973
1028
1029
1036
1037
1893
1894
1895
1897
1898
1916
1918
1921
2069
2070
2073
2092
430
438
506
965
966
973
974
1029
1030
1037
1038
1896
1897
1898
1900
1901
1919
1921
1924
2072
2073
2076
2095
431
439
507
966
967
974
975
1030
1031
1038
1039
1899
1900
1901
1903
1904
1922
1924
1927
2075
2076
2079
2098
432
440
508
967
968
975
976
1031
1032
1039
1040
1902
1903
1904
1905
1906
1925
1927
1929
2078
2079
2081
2101
441
509
968
976
1032
1040
1905
1906
1929
2081
2934
2935
2942
2943
434
510
969
977
1033
1041
1908
1909
1931
2084
2743
2744
2751
2752
435
442
511
969
970
977
978
1033
1034
1041
1042
1907
1908
1909
1911
1912
1930
1931
1933
2083
2084
2087
2106
436
443
512
970
971
978
979
1034
1035
1042
1043
1910
1911
1912
1914
1915
1932
1933
1935
2086
2087
2090
2108
437
444
513
971
972
979
980
1035
1036
1043
1044
1913
1914
1915
1917
1918
1934
1935
1937
2089
2090
2093
2110
438
445
514
972
973
980
981
1036
1037
1044
1045
1916
1917
1918
1920
1921
1936
1937
1939
2092
2093
2096
2112
439
446
515
973
974
981
982
1037
1038
1045
1046
1919
1920
1921
1923
1924
1938
1939
1941
2095
2096
2099
2114
440
447
516
974
975
982
983
1038
1039
1046
1047
1922
1923
1924
1926
1927
1940
1941
1943
2098
2099
2102
2116
441
448
517
975
976
983
984
1039
1040
1047
1048
1925
1926
1927
1928
1929
1942
1943
1944
2101
2102
2104
2118
518
976
984
1040
1048
1928
1929
1944
2104
2935
2936
2943
2944
443
519
977
978
1041
1042
1930
1931
1933
2106
2780
2781
2788
2789
444
520
978
979
1042
1043
1932
1933
1935
2108
2788
2789
2796
2797
445
521
979
980
1043
1044
1934
1935
1937
2110
2796
2797
2804
2805
446
522
980
981
1044
1045
1936
1937
1939
2112
2804
2805
2812
2813
447
523
981
982
1045
1046
1938
1939
1941
2114
2812
2813
2820
2821
448
524
982
983
1046
1047
1940
1941
1943
2116
2820
2821
2828
2829
525
983
984
1047
1048
1942
1943
1944
2118
2828
2829
2836
2837
450
457
526
985
986
1049
1050
1945
1947
1950
2121
2653
2654
2661
2662
451
458
527
986
987
1050
1051
1948
1950
1953
2124
2661
2662
2669
2670
452
459
528
987
988
1051
1052
1951
1953
1956
2127
2669
2670
2677
2678
453
460
529
988
989
1052
1053
1954
1956
1959
2130
2677
2678
2685
2686
454
461
530
989
990
1053
1054
1957
1959
1962
2133
2685
2686
2693
2694
455
462
531
990
991
1054
1055
1960
1962
1965
2136
2693
2694
2701
2702
463
532
991
992
1055
1056
1963
1965
1967
2139
2701
2702
2709
2710
457
465
533
985
993
1049
1057
1946
1947
1970
2122
2745
2746
2753
2754
458
466
534
985
986
993
994
1049
1050
1057
1058
1945
1946
1947
1949
1950
1968
1970
1973
2121
2122
2125
2144
459
467
535
986
987
994
995
1050
1051
1058
1059
1948
1949
1950
1952
1953
1971
1973
1976
2124
2125
2128
2147
460
468
536
987
988
995
996
1051
1052
1059
1060
1951
1952
1953
1955
1956
1974
1976
1979
2127
2128
2131
2150
461
469
537
988
989
996
997
1052
1053
1060
1061
1954
1955
1956
1958
1959
1977
1979
1982
2130
2131
2134
2153
462
470
538
989
990
997
998
1053
1054
1061
1062
1957
1958
1959
1961
1962
1980
1982
1985
2133
2134
2137
2156
463
471
539
990
991
998
999
1054
1055
1062
1063
1960
1961
1962
1964
1965
1983
1985
1988
2136
2137
2140
2159
464
472
540
991
992
999
1000
1055
1056
1063
1064
1963
1964
1965
1966
1967
1986
1988
1990
2139
2140
2142
2162
473
541
992
1000
1056
1064
1966
1967
1990
2142
2937
2938
2945
2946
466
474
542
993
1001
1057
1065
1969
1970
1993
2145
2746
2747
2754
2755
467
475
543
993
994
1001
1002
1057
1058
1065
1066
1968
1969
1970
1972
1973
1991
1993
1996
2144
2145
2148
2167
468
476
544
994
995
1002
1003
1058
1059
1066
1067
1971
1972
1973
1975
1976
1994
1996
1999
2147
2148
2151
2170
469
477
545
995
996
1003
1004
1059
1060
1067
1068
1974
1975
1976
1978
1979
1997
1999
2002
2150
2151
2154
2173
470
478
546
996
997
1004
1005
1060
1061
1068
1069
1977
1978
1979
1981
1982
2000
2002
2005
2153
2154
2157
2176
471
479
547
997
998
1005
1006
1061
1062
1069
1070
1980
1981
1982
1984
1985
2003
2005
2008
2156
2157
2160
2179
472
480
548
998
999
1006
1007
1062
1063
1070
1071
1983
1984
1985
1987
1988
2006
2008
2011
2159
2160
2163
2182
473
481
549
999
1000
1007
1008
1063
1064
1071
1072
1986
1987
1988
1989
1990
2009
2011
2013
2162
2163
2165
2185
482
550
1000
1008
1064
1072
1989
1990
2013
2165
2938
2939
2946
2947
475
483
551
1001
1009
1065
1073
1992
1993
2016
2168
2747
2748
2755
2756
476
484
552
1001
1002
1009
1010
1065
1066
1073
1074
1991
1992
1993
1995
1996
2014
2016
2019
2167
2168
2171
2190
477
485
553
1002
1003
1010
1011
1066
1067
1074
1075
1994
1995
1996
1998
1999
2017
2019
2022
2170
2171
2174
2193
478
486
554
1003
1004
1011
1012
1067
1068
1075
1076
1997
1998
1999
2001
2002
2020
2022
2025
2173
2174
2177
2196
479
487
555
1004
1005
1012
1013
1068
1069
1076
1077
2000
2001
2002
2004
2005
2023
2025
2028
2176
2177
2180
2199
480
488
556
1005
1006
1013
1014
1069
1070
1077
1078
2003
2004
2005
2007
2008
2026
2028
2031
2179
2180
2183
2202
481
489
557
1006
1007
1014
1015
1070
1071
1078
1079
2006
2007
2008
2010
2011
2029
2031
2034
2182
2183
2186
2205
482
490
558
1007
1008
1015
1016
1071
1072
1079
1080
2009
2010
2011
2012
2013
2032
2034
2036
2185
2186
2188
2208
491
559
1008
1016
1072
1080
2012
2013
2036
2188
2939
2940
2947
2948
484
492
560
1009
1017
1073
1081
2015
2016
2039
2191
2748
2749
2756
2757
485
493
561
1009
1010
1017
1018
1073
1074
1081
1082
2014
2015
2016
2018
2019
2037
2039
2042
2190
2191
2194
2213
486
494
562
1010
1011
1018
1019
1074
1075
1082
1083
2017
2018
2019
2021
2022
2040
2042
2045
2193
2194
2197
2216
487
495
563
1011
1012
1019
1020
1075
1076
1083
1084
2020
2021
2022
2024
2025
2043
2045
2048
2196
2197
2200
2219
488
496
564
1012
1013
1020
1021
1076
1077
1084
1085
2023
2024
2025
2027
2028
2046
2048
2051
2199
2200
2203
2222
489
497
565
1013
1014
1021
1022
1077
1078
1085
1086
2026
2027
2028
2030
2031
2049
2051
2054
2202
2203
2206
2225
490
498
566
1014
1015
1022
1023
1078
1079
1086
1087
2029
2030
2031
2033
2034
2052
2054
2057
2205
2206
2209
2228
491
499
567
1015
1016
1023
1024
1079
1080
1087
1088
2032
2033
2034
2035
2036
2055
2057
2059
2208
2209
2211
2231
500
568
1016
1024
1080
1088
2035
2036
2059
2211
2940
2941
2948
2949
493
501
569
1017
1025
1081
1089
2038
2039
2062
2214
2749
2750
2757
2758
494
502
570
1017
1018
1025
1026
1081
1082
1089
1090
2037
2038
2039
2041
2042
2060
2062
2065
2213
2214
2217
2236
495
503
571
1018
1019
1026
1027
1082
1083
1090
1091
2040
2041
2042
2044
2045
2063
2065
2068
2216
2217
2220
2239
496
504
572
1019
1020
1027
1028
1083
1084
1091
1092
2043
2044
2045
2047
2048
2066
2068
2071
2219
2220
2223
2242
497
505
573
1020
1021
1028
1029
1084
1085
1092
1093
2046
2047
2048
2050
2051
2069
2071
2074
2222
2223
2226
2245
498
506
574
1021
1022
1029
1030
1085
1086
1093
1094
2049
2050
2051
2053
2054
2072
2074
2077
2225
2226
2229
2248
499
507
575
1022
1023
1030
1031
1086
1087
1094
1095
2052
2053
2054
2056
2057
2075
2077
2080
2228
2229
2232
2251
500
508
576
1023
1024
1031
1032
1087
1088
1095
1096
2055
2056
2057
2058
2059
2078
2080
2082
2231
2232
2234
2254
509
577
1024
1032
1088
1096
2058
2059
2082
2234
2941
2942
2949
2950
502
510
578
1025
1033
1089
1097
2061
2062
2085
2237
2750
2751
2758
2759
503
511
579
1025
1026
1033
1034
1089
1090
1097
1098
2060
2061
2062
2064
2065
2083
2085
2088
2236
2237
2240
2259
504
512
580
1026
1027
1034
1035
1090
1091
1098
1099
2063
2064
2065
2067
2068
2086
2088
2091
2239
2240
2243
2262
505
513
581
1027
1028
1035
1036
1091
1092
1099
1100
2066
2067
2068
2070
2071
2089
2091
2094
2242
2243
2246
2265
506
514
582
1028
1029
1036
1037
1092
1093
1100
1101
2069
2070
2071
2073
2074
2092
2094
2097
2245
2246
2249
2268
507
515
583
1029
1030
1037
1038
1093
1094
1101
1102
2072
2073
2074
2076
2077
2095
2097
2100
2248
2249
2252
2271
508
516
584
1030
1031
1038
1039
1094
1095
1102
1103
2075
2076
2077
2079
2080
2098
2100
2103
2251
2252
2255
2274
509
517
585
1031
1032
1039
1040
1095
1096
1103
1104
2078
2079
2080
2081
2082
2101
2103
2105
2254
2255
2257
2277
518
586
1032
1040
1096
1104
2081
2082
2105
2257
2942
2943
2950
2951
511
587
1033
1041
1097
1105
2084
2085
2107
2260
2751
2752
2759
2760
512
519
588
1033
1034
1041
1042
1097
1098
1105
1106
2083
2084
2085
2087
2088
2106
2107
2109
2259
2260
2263
2282
513
520
589
1034
1035
1042
1043
1098
1099
1106
1107
2086
2087
2088
2090
2091
2108
2109
2111
2262
2263
2266
2284
514
521
590
1035
1036
1043
1044
1099
1100
1107
1108
2089
2090
2091
2093
2094
2110
2111
2113
2265
2266
2269
2286
515
522
591
1036
1037
1044
1045
1100
1101
1108
1109
2092
2093
2094
2096
2097
2112
2113
2115
2268
2269
2272
2288
516
523
592
1037
1038
1045
1046
1101
1102
1109
1110
2095
2096
2097
2099
2100
2114
2115
2117
2271
2272
2275
2290
517
524
593
1038
1039
1046
1047
1102
1103
1110
1111
2098
2099
2100
2102
2103
2116
2117
2119
2274
2275
2278
2292
518
525
594
1039
1040
1047
1048
1103
1104
1111
1112
2101
2102
2103
2104
2105
2118
2119
2120
2277
2278
2280
2294
595
1040
1048
1104
1112
2104
2105
2120
2280
2943
2944
2951
2952
520
596
1041
1042
1105
1106
2106
2107
2109
2282
2781
2782
2789
2790
521
597
1042
1043
1106
1107
2108
2109
2111
2284
2789
2790
2797
2798
522
598
1043
1044
1107
1108
2110
2111
2113
2286
2797
2798
2805
2806
523
599
1044
1045
1108
1109
2112
2113
2115
2288
2805
2806
2813
2814
524
600
1045
1046
1109
1110
2114
2115
2117
2290
2813
2814
2821
2822
525
601
1046
1047
1110
1111
2116
2117
2119
2292
2821
2822
2829
2830
602
1047
1048
1111
1112
2118
2119
2120
2294
2829
2830
2837
2838
527
534
603
1049
1050
1113
1114
2121
2123
2126
2297
2654
2655
2662
2663
528
535
604
1050
1051
1114
1115
2124
2126
2129
2300
2662
2663
2670
2671
529
536
605
1051
1052
1115
1116
2127
2129
2132
2303
2670
2671
2678
2679
530
537
606
1052
1053
1116
1117
2130
2132
2135
2306
2678
2679
2686
2687
531
538
607
1053
1054
1117
1118
2133
2135
2138
2309
2686
2687
2694
2695
532
539
608
1054
1055
1118
1119
2136
2138
2141
2312
2694
2695
2702
2703
540
609
1055
1056
1119
1120
2139
2141
2143
2315
2702
2703
2710
2711
534
542
610
1049
1057
1113
1121
2122
2123
2146
2298
2753
2754
2761
2762
535
543
611
1049
1050
1057
1058
1113
1114
1121
1122
2121
2122
2123
2125
2126
2144
2146
2149
2297
2298
2301
2320
536
544
612
1050
1051
1058
1059
1114
1115
1122
1123
2124
2125
2126
2128
2129
2147
2149
2152
2300
2301
2304
2323
537
545
613
1051
1052
1059
1060
1115
1116
1123
1124
2127
2128
2129
2131
2132
2150
2152
2155
2303
2304
2307
2326
538
546
614
1052
1053
1060
1061
1116
1117
1124
1125
2130
2131
2132
2134
2135
2153
2155
2158
2306
2307
2310
2329
539
547
615
1053
1054
1061
1062
1117
1118
1125
1126
2133
2134
2135
2137
2138
2156
2158
2161
2309
2310
2313
2332
540
548
616
1054
1055
1062
1063
1118
1119
1126
1127
2136
2137
2138
2140
2141
2159
2161
2164
2312
2313
2316
2335
541
549
617
1055
1056
1063
1064
1119
1120
1127
1128
2139
2140
2141
2142
2143
2162
2164
2166
2315
2316
2318
2338
550
618
1056
1064
1120
1128
2142
2143
2166
2318
2945
2946
2953
2954
543
551
619
1057
1065
1121
1129
2145
2146
2169
2321
2754
2755
2762
2763
544
552
620
1057
1058
1065
1066
1121
1122
1129
1130
2144
2145
2146
2148
2149
2167
2169
2172
2320
2321
2324
2343
545
553
621
1058
1059
1066
1067
1122
1123
1130
1131
2147
2148
2149
2151
2152
2170
2172
2175
2323
2324
2327
2346
546
554
622
1059
1060
1067
1068
1123
1124
1131
1132
2150
2151
2152
2154
2155
2173
2175
2178
2326
2327
2330
2349
547
555
623
1060
1061
1068
1069
1124
1125
1132
1133
2153
2154
2155
2157
2158
2176
2178
2181
2329
2330
2333
2352
548
556
624
1061
1062
1069
1070
1125
1126
1133
1134
2156
2157
2158
2160
2161
2179
2181
2184
2332
2333
2336
2355
549
557
625
1062
1063
1070
1071
1126
1127
1134
1135
2159
2160
2161
2163
2164
2182
2184
2187
2335
2336
2339
2358
550
558
626
1063
1064
1071
1072
1127
1128
1135
1136
2162
2163
2164
2165
2166
2185
2187
2189
2338
2339
2341
2361
559
627
1064
1072
1128
1136
2165
2166
2189
2341
2946
2947
2954
2955
552
560
628
1065
1073
1129
1137
2168
2169
2192
2344
2755
2756
2763
2764
553
561
629
1065
1066
1073
1074
1129
1130
1137
1138
2167
2168
2169
2171
2172
2190
2192
2195
2343
2344
2347
2366
554
562
630
1066
1067
1074
1075
1130
1131
1138
1139
2170
2171
2172
2174
2175
2193
2195
2198
2346
2347
2350
2369
555
563
631
1067
1068
1075
1076
1131
1132
1139
1140
2173
2174
2175
2177
2178
2196
2198
2201
2349
2350
2353
2372
556
564
632
1068
1069
1076
1077
1132
1133
1140
1141
2176
2177
2178
2180
2181
2199
2201
2204
2352
2353
2356
2375
557
565
633
1069
1070
1077
1078
1133
1134
1141
1142
2179
2180
2181
2183
2184
2202
2204
2207
2355
2356
2359
2378
558
566
634
1070
1071
1078
1079
1134
1135
1142
1143
2182
2183
2184
2186
2187
2205
2207
2210
2358
2359
2362
2381
559
567
635
1071
1072
1079
1080
1135
1136
1143
1144
2185
2186
2187
2188
2189
2208
2210
2212
2361
2362
2364
2384
568
636
1072
1080
1136
1144
2188
2189
2212
2364
2947
2948
2955
2956
561
569
637
1073
1081
1137
1145
2191
2192
2215
2367
2756
2757
2764
2765
562
570
638
1073
1074
1081
1082
1137
1138
1145
1146
2190
2191
2192
2194
2195
2213
2215
2218
2366
2367
2370
2389
563
571
639
1074
1075
1082
1083
1138
1139
1146
1147
2193
2194
2195
2197
2198
2216
2218
2221
2369
2370
2373
2392
564
572
640
1075
1076
1083
1084
1139
1140
1147
1148
2196
2197
2198
2200
2201
2219
2221
2224
2372
2373
2376
2395
565
573
641
1076
1077
1084
1085
1140
1141
1148
1149
2199
2200
2201
2203
2204
2222
2224
2227
2375
2376
2379
2398
566
574
642
1077
1078
1085
1086
1141
1142
1149
1150
2202
2203
2204
2206
2207
2225
2227
2230
2378
2379
2382
2401
567
575
643
1078
1079
1086
1087
1142
1143
1150
1151
2205
2206
2207
2209
2210
2228
2230
2233
2381
2382
2385
2404
568
576
644
1079
1080
1087
1088
1143
1144
1151
1152
2208
2209
2210
2211
2212
2231
2233
2235
2384
2385
2387
2407
577
645
1080
1088
1144
1152
2211
2212
2235
2387
2948
2949
2956
2957
570
578
646
1081
1089
1145
1153
2214
2215
2238
2390
2757
2758
2765
2766
571
579
647
1081
1082
1089
1090
1145
1146
1153
1154
2213
2214
2215
2217
2218
2236
2238
2241
2389
2390
2393
2412
572
580
648
1082
1083
1090
1091
1146
1147
1154
1155
2216
2217
2218
2220
2221
2239
2241
2244
2392
2393
2396
2415
573
581
649
1083
1084
1091
1092
1147
1148
1155
1156
2219
2220
2221
2223
2224
2242
2244
2247
2395
2396
2399
2418
574
582
650
1084
1085
1092
1093
1148
1149
1156
1157
2222
2223
2224
2226
2227
2245
2247
2250
2398
2399
2402
2421
575
583
651
1085
1086
1093
1094
1149
1150
1157
1158
2225
2226
2227
2229
2230
2248
2250
2253
2401
2402
2405
2424
576
584
652
1086
1087
1094
1095
1150
1151
1158
1159
2228
2229
2230
2232
2233
2251
2253
2256
2404
2405
2408
2427
577
585
653
1087
1088
1095
1096
1151
1152
1159
1160
2231
2232
2233
2234
2235
2254
2256
2258
2407
2408
2410
2430
586
654
1088
1096
1152
1160
2234
2235
2258
2410
2949
2950
2957
2958
579
587
655
1089
1097
1153
1161
2237
2238
2261
2413
2758
2759
2766
2767
580
588
656
1089
1090
1097
1098
1153
1154
1161
1162
2236
2237
2238
2240
2241
2259
2261
2264
2412
2413
2416
2435
581
589
657
1090
1091
1098
1099
1154
1155
1162
1163
2239
2240
2241
2243
2244
2262
2264
2267
2415
2416
2419
2438
582
590
658
1091
1092
1099
1100
1155
1156
1163
1164
2242
2243
2244
2246
2247
2265
2267
2270
2418
2419
2422
2441
583
591
659
1092
1093
1100
1101
1156
1157
1164
1165
2245
2246
2247
2249
2250
2268
2270
2273
2421
2422
2425
2444
584
592
660
1093
1094
1101
1102
1157
1158
1165
1166
2248
2249
2250
2252
2253
2271
2273
2276
2424
2425
2428
2447
585
593
661
1094
1095
1102
1103
1158
1159
1166
1167
2251
2252
2253
2255
2256
2274
2276
2279
2427
2428
2431
2450
586
594
662
1095
1096
1103
1104
1159
1160
1167
1168
2254
2255
2256
2257
2258
2277
2279
2281
2430
2431
2433
2453
595
663
1096
1104
1160
1168
2257
2258
2281
2433
2950
2951
2958
2959
588
664
1097
1105
1161
1169
2260
2261
2283
2436
2759
2760
2767
2768
589
596
665
1097
1098
1105
1106
1161
1162
1169
1170
2259
2260
2261
2263
2264
2282
2283
2285
2435
2436
2439
2458
590
597
666
1098
1099
1106
1107
1162
1163
1170
1171
2262
2263
2264
2266
2267
2284
2285
2287
2438
2439
2442
2460
591
598
667
1099
1100
1107
1108
1163
1164
1171
1172
2265
2266
2267
2269
2270
2286
2287
2289
2441
2442
2445
2462
592
599
668
1100
1101
1108
1109
1164
1165
1172
1173
2268
2269
2270
2272
2273
2288
2289
2291
2444
2445
2448
2464
593
600
669
1101
1102
1109
1110
1165
1166
1173
1174
2271
2272
2273
2275
2276
2290
2291
2293
2447
2448
2451
2466
594
601
670
1102
1103
1110
1111
1166
1167
1174
1175
2274
2275
2276
2278
2279
2292
2293
2295
2450
2451
2454
2468
595
602
671
1103
1104
1111
1112
1167
1168
1175
1176
2277
2278
2279
2280
2281
2294
2295
2296
2453
2454
2456
2470
672
1104
1112
1168
1176
2280
2281
2296
2456
2951
2952
2959
2960
597
673
1105
1106
1169
1170
2282
2283
2285
2458
2782
2783
2790
2791
598
674
1106
1107
1170
1171
2284
2285
2287
2460
2790
2791
2798
2799
599
675
1107
1108
1171
1172
2286
2287
2289
2462
2798
2799
2806
2807
600
676
1108
1109
1172
1173
2288
2289
2291
2464
2806
2807
2814
2815
601
677
1109
1110
1173
1174
2290
2291
2293
2466
2814
2815
2822
2823
602
678
1110
1111
1174
1175
2292
2293
2295
2468
2822
2823
2830
2831
679
1111
1112
1175
1176
2294
2295
2296
2470
2830
2831
2838
2839
604
611
1113
1114
1177
1178
2297
2299
2302
2473
2655
2656
2663
2664
605
612
1114
1115
1178
1179
2300
2302
2305
2475
2663
2664
2671
2672
606
613
1115
1116
1179
1180
2303
2305
2308
2477
2671
2672
2679
2680
607
614
1116
1117
1180
1181
2306
2308
2311
2479
2679
2680
2687
2688
608
615
1117
1118
1181
1182
2309
2311
2314
2481
2687
2688
2695
2696
609
616
1118
1119
1182
1183
2312
2314
2317
2483
2695
2696
2703
2704
617
1119
1120
1183
1184
2315
2317
2319
2485
2703
2704
2711
2712
611
619
1113
1121
1177
1185
2298
2299
2322
2474
2761
2762
2769
2770
612
620
680
1113
1114
1121
1122
1177
1178
1185
1186
2297
2298
2299
2301
2302
2320
2322
2325
2473
2474
2476
2488
613
621
681
1114
1115
1122
1123
1178
1179
1186
1187
2300
2301
2302
2304
2305
2323
2325
2328
2475
2476
2478
2490
614
622
682
1115
1116
1123
1124
1179
1180
1187
1188
2303
2304
2305
2307
2308
2326
2328
2331
2477
2478
2480
2492
615
623
683
1116
1117
1124
1125
1180
1181
1188
1189
2306
2307
2308
2310
2311
2329
2331
2334
2479
2480
2482
2494
616
624
684
1117
1118
1125
1126
1181
1182
1189
1190
2309
2310
2311
2313
2314
2332
2334
2337
2481
2482
2484
2496
617
625
685
1118
1119
1126
1127
1182
1183
1190
1191
2312
2313
2314
2316
2317
2335
2337
2340
2483
2484
2486
2498
618
626
686
1119
1120
1127
1128
1183
1184
1191
1192
2315
2316
2317
2318
2319
2338
2340
2342
2485
2486
2487
2500
627
1120
1128
1184
1192
2318
2319
2342
2487
2953
2954
2961
2962
620
628
1121
1129
1185
1193
2321
2322
2345
2489
2762
2763
2770
2771
621
629
687
1121
1122
1129
1130
1185
1186
1193
1194
2320
2321
2322
2324
2325
2343
2345
2348
2488
2489
2491
2503
622
630
688
1122
1123
1130
1131
1186
1187
1194
1195
2323
2324
2325
2327
2328
2346
2348
2351
2490
2491
2493
2505
623
631
689
1123
1124
1131
1132
1187
1188
1195
1196
2326
2327
2328
2330
2331
2349
2351
2354
2492
2493
2495
2507
624
632
690
1124
1125
1132
1133
1188
1189
1196
1197
2329
2330
2331
2333
2334
2352
2354
2357
2494
2495
2497
2509
625
633
691
1125
1126
1133
1134
1189
1190
1197
1198
2332
2333
2334
2336
2337
2355
2357
2360
2496
2497
2499
2511
626
634
692
1126
1127
1134
1135
1190
1191
1198
1199
2335
2336
2337
2339
2340
2358
2360
2363
2498
2499
2501
2513
627
635
693
1127
1128
1135
1136
1191
1192
1199
1200
2338
2339
2340
2341
2342
2361
2363
2365
2500
2501
2502
2515
636
1128
1136
1192
1200
2341
2342
2365
2502
2954
2955
2962
2963
629
637
1129
1137
1193
1201
2344
2345
2368
2504
2763
2764
2771
2772
630
638
694
1129
1130
1137
1138
1193
1194
1201
1202
2343
2344
2345
2347
2348
2366
2368
2371
2503
2504
2506
2518
631
639
695
1130
1131
1138
1139
1194
1195
1202
1203
2346
2347
2348
2350
2351
2369
2371
2374
2505
2506
2508
2520
632
640
696
1131
1132
1139
1140
1195
1196
1203
1204
2349
2350
2351
2353
2354
2372
2374
2377
2507
2508
2510
2522
633
641
697
1132
1133
1140
1141
1196
1197
1204
1205
2352
2353
2354
2356
2357
2375
2377
2380
2509
2510
2512
2524
634
642
698
1133
1134
1141
1142
1197
1198
1205
1206
2355
2356
2357
2359
2360
2378
2380
2383
2511
2512
2514
2526
635
643
699
1134
1135
1142
1143
1198
1199
1206
1207
2358
2359
2360
2362
2363
2381
2383
2386
2513
2514
2516
2528
636
644
700
1135
1136
1143
1144
1199
1200
1207
1208
2361
2362
2363
2364
2365
2384
2386
2388
2515
2516
2517
2530
645
1136
1144
1200
1208
2364
2365
2388
2517
2955
2956
2963
2964
638
646
1137
1145
1201
1209
2367
2368
2391
2519
2764
2765
2772
2773
639
647
701
1137
1138
1145
1146
1201
1202
1209
1210
2366
2367
2368
2370
2371
2389
2391
2394
2518
2519
2521
2533
640
648
702
1138
1139
1146
1147
1202
1203
1210
1211
2369
2370
2371
2373
2374
2392
2394
2397
2520
2521
2523
2535
641
649
703
1139
1140
1147
1148
1203
1204
1211
1212
2372
2373
2374
2376
2377
2395
2397
2400
2522
2523
2525
2537
642
650
704
1140
1141
1148
1149
1204
1205
1212
1213
2375
2376
2377
2379
2380
2398
2400
2403
2524
2525
2527
2539
643
651
705
1141
1142
1149
1150
1205
1206
1213
1214
2378
2379
2380
2382
2383
2401
2403
2406
2526
2527
2529
2541
644
652
706
1142
1143
1150
1151
1206
1207
1214
1215
2381
2382
2383
2385
2386
2404
2406
2409
2528
2529
2531
2543
645
653
707
1143
1144
1151
1152
1207
1208
1215
1216
2384
2385
2386
2387
2388
2407
2409
2411
2530
2531
2532
2545
654
1144
1152
1208
1216
2387
2388
2411
2532
2956
2957
2964
2965
647
655
1145
1153
1209
1217
2390
2391
2414
2534
2765
2766
2773
2774
648
656
708
1145
1146
1153
1154
1209
1210
1217
1218
2389
2390
2391
2393
2394
2412
2414
2417
2533
2534
2536
2548
649
657
709
1146
1147
1154
1155
1210
1211
1218
1219
2392
2393
2394
2396
2397
2415
2417
2420
2535
2536
2538
2550
650
658
710
1147
1148
1155
1156
1211
1212
1219
1220
2395
2396
2397
2399
2400
2418
2420
2423
2537
2538
2540
2552
651
659
711
1148
1149
1156
1157
1212
1213
1220
1221
2398
2399
2400
2402
2403
2421
2423
2426
2539
2540
2542
2554
652
660
712
1149
1150
1157
1158
1213
1214
1221
1222
2401
2402
2403
2405
2406
2424
2426
2429
2541
2542
2544
2556
653
661
713
1150
1151
1158
1159
1214
1215
1222
1223
2404
2405
2406
2408
2409
2427
2429
2432
2543
2544
2546
2558
654
662
714
1151
1152
1159
1160
1215
1216
1223
1224
2407
2408
2409
2410
2411
2430
2432
2434
2545
2546
2547
2560
663
1152
1160
1216
1224
2410
2411
2434
2547
2957
2958
2965
2966
656
664
1153
1161
1217
1225
2413
2414
2437
2549
2766
2767
2774
2775
657
665
715
1153
1154
1161
1162
1217
1218
1225
1226
2412
2413
2414
2416
2417
2435
2437
2440
2548
2549
2551
2563
658
666
716
1154
1155
1162
1163
1218
1219
1226
1227
2415
2416
2417
2419
2420
2438
2440
2443
2550
2551
2553
2565
659
667
717
1155
1156
1163
1164
1219
1220
1227
1228
2418
2419
2420
2422
2423
2441
2443
2446
2552
2553
2555
2567
660
668
718
1156
1157
1164
1165
1220
1221
1228
1229
2421
2422
2423
2425
2426
2444
2446
2449
2554
2555
2557
2569
661
669
719
1157
1158
1165
1166
1221
1222
1229
1230
2424
2425
2426
2428
2429
2447
2449
2452
2556
2557
2559
2571
662
670
720
1158
1159
1166
1167
1222
1223
1230
1231
2427
2428
2429
2431
2432
2450
2452
2455
2558
2559
2561
2573
663
671
721
1159
1160
1167
1168
1223
1224
1231
1232
2430
2431
2432
2433
2434
2453
2455
2457
2560
2561
2562
2575
672
1160
1168
1224
1232
2433
2434
2457
2562
2958
2959
2966
2967
665
1161
1169
1225
1233
2436
2437
2459
2564
2767
2768
2775
2776
666
673
722
1161
1162
1169
1170
1225
1226
1233
1234
2435
2436
2437
2439
2440
2458
2459
2461
2563
2564
2566
2578
667
674
723
1162
1163
1170
1171
1226
1227
1234
1235
2438
2439
2440
2442
2443
2460
2461
2463
2565
2566
2568
2579
668
675
724
1163
1164
1171
1172
1227
1228
1235
1236
2441
2442
2443
2445
2446
2462
2463
2465
2567
2568
2570
2580
669
676
725
1164
1165
1172
1173
1228
1229
1236
1237
2444
2445
2446
2448
2449
2464
2465
2467
2569
2570
2572
2581
670
677
726
1165
1166
1173
1174
1229
1230
1237
1238
2447
2448
2449
2451
2452
2466
2467
2469
2571
2572
2574
2582
671
678
727
1166
1167
1174
1175
1230
1231
1238
1239
2450
2451
2452
2454
2455
2468
2469
2471
2573
2574
2576
2583
672
679
728
1167
1168
1175
1176
1231
1232
1239
1240
2453
2454
2455
2456
2457
2470
2471
2472
2575
2576
2577
2584
1168
1176
1232
1240
2456
2457
2472
2577
2959
2960
2967
2968
674
1169
1170
1233
1234
2458
2459
2461
2578
2783
2784
2791
2792
675
1170
1171
1234
1235
2460
2461
2463
2579
2791
2792
2799
2800
676
1171
1172
1235
1236
2462
2463
2465
2580
2799
2800
2807
2808
677
1172
1173
1236
1237
2464
2465
2467
2581
2807
2808
2815
2816
678
1173
1174
1237
1238
2466
2467
2469
2582
2815
2816
2823
2824
679
1174
1175
1238
1239
2468
2469
2471
2583
2823
2824
2831
2832
1175
1176
1239
1240
2470
2471
2472
2584
2831
2832
2839
2840
681
687
1177
1178
1185
1186
2473
2474
2476
2488
2585
2586
2593
2594
682
688
1178
1179
1186
1187
2475
2476
2478
2490
2593
2594
2601
2602
683
689
1179
1180
1187
1188
2477
2478
2480
2492
2601
2602
2609
2610
684
690
1180
1181
1188
1189
2479
2480
2482
2494
2609
2610
2617
2618
685
691
1181
1182
1189
1190
2481
2482
2484
2496
2617
2618
2625
2626
686
692
1182
1183
1190
1191
2483
2484
2486
2498
2625
2626
2633
2634
693
1183
1184
1191
1192
2485
2486
2487
2500
2633
2634
2641
2642
688
694
1185
1186
1193
1194
2488
2489
2491
2503
2586
2587
2594
2595
689
695
1186
1187
1194
1195
2490
2491
2493
2505
2594
2595
2602
2603
690
696
1187
1188
1195
1196
2492
2493
2495
2507
2602
2603
2610
2611
691
697
1188
1189
1196
1197
2494
2495
2497
2509
2610
2611
2618
2619
692
698
1189
1190
1197
1198
2496
2497
2499
2511
2618
2619
2626
2627
693
699
1190
1191
1198
1199
2498
2499
2501
2513
2626
2627
2634
2635
700
1191
1192
1199
1200
2500
2501
2502
2515
2634
2635
2642
2643
695
701
1193
1194
1201
1202
2503
2504
2506
2518
2587
2588
2595
2596
696
702
1194
1195
1202
1203
2505
2506
2508
2520
2595
2596
2603
2604
697
703
1195
1196
1203
1204
2507
2508
2510
2522
2603
2604
2611
2612
698
704
1196
1197
1204
1205
2509
2510
2512
2524
2611
2612
2619
2620
699
705
1197
1198
1205
1206
2511
2512
2514
2526
2619
2620
2627
2628
700
706
1198
1199
1206
1207
2513
2514
2516
2528
2627
2628
2635
2636
707
1199
1200
1207
1208
2515
2516
2517
2530
2635
2636
2643
2644
702
708
1201
1202
1209
1210
2518
2519
2521
2533
2588
2589
2596
2597
703
709
1202
1203
1210
1211
2520
2521
2523
2535
2596
2597
2604
2605
704
710
1203
1204
1211
1212
2522
2523
2525
2537
2604
2605
2612
2613
705
711
1204
1205
1212
1213
2524
2525
2527
2539
2612
2613
2620
2621
706
712
1205
1206
1213
1214
2526
2527
2529
2541
2620
2621
2628
2629
707
713
1206
1207
1214
1215
2528
2529
2531
2543
2628
2629
2636
2637
714
1207
1208
1215
1216
2530
2531
2532
2545
2636
2637
2644
2645
709
715
1209
1210
1217
1218
2533
2534
2536
2548
2589
2590
2597
2598
710
716
1210
1211
1218
1219
2535
2536
2538
2550
2597
2598
2605
2606
711
717
1211
1212
1219
1220
2537
2538
2540
2552
2605
2606
2613
2614
712
718
1212
1213
1220
1221
2539
2540
2542
2554
2613
2614
2621
2622
713
719
1213
1214
1221
1222
2541
2542
2544
2556
2621
2622
2629
2630
714
720
1214
1215
1222
1223
2543
2544
2546
2558
2629
2630
2637
2638
721
1215
1216
1223
1224
2545
2546
2547
2560
2637
2638
2645
2646
716
722
1217
1218
1225
1226
2548
2549
2551
2563
2590
2591
2598
2599
717
723
1218
1219
1226
1227
2550
2551
2553
2565
2598
2599
2606
2607
718
724
1219
1220
1227
1228
2552
2553
2555
2567
2606
2607
2614
2615
719
725
1220
1221
1228
1229
2554
2555
2557
2569
2614
2615
2622
2623
720
726
1221
1222
1229
1230
2556
2557
2559
2571
2622
2623
2630
2631
721
727
1222
1223
1230
1231
2558
2559
2561
2573
2630
2631
2638
2639
728
1223
1224
1231
1232
2560
2561
2562
2575
2638
2639
2646
2647
723
1225
1226
1233
1234
2563
2564
2566
2578
2591
2592
2599
2600
724
1226
1227
1234
1235
2565
2566
2568
2579
2599
2600
2607
2608
725
1227
1228
1235
1236
2567
2568
2570
2580
2607
2608
2615
2616
726
1228
1229
1236
1237
2569
2570
2572
2581
2615
2616
2623
2624
727
1229
1230
1237
1238
2571
2572
2574
2582
2623
2624
2631
2632
728
1230
1231
1238
1239
2573
2574
2576
2583
2631
2632
2639
2640
1231
1232
1239
1240
2575
2576
2577
2584
2639
2640
2647
2648
1241
1242
1243
2649
2713
2841
1241
1244
1245
1246
2657
2849
1244
1247
1248
1249
2665
2857
1247
1250
1251
1252
2673
2865
1250
1253
1254
1255
2681
2873
1253
1256
1257
1258
2689
2881
1256
1259
1260
1261
2697
2889
1259
1262
1263
2705
2897
2905
1242
1264
1265
1266
2714
2842
1245
1264
1267
1268
1269
2850
1248
1267
1270
1271
1272
2858
1251
1270
1273
1274
1275
2866
1254
1273
1276
1277
1278
2874
1257
1276
1279
1280
1281
2882
1260
1279
1282
1283
1284
2890
1262
1282
1285
1286
2898
2906
1265
1287
1288
1289
2715
2843
1268
1287
1290
1291
1292
2851
1271
1290
1293
1294
1295
2859
1274
1293
1296
1297
1298
2867
1277
1296
1299
1300
1301
2875
1280
1299
1302
1303
1304
2883
1283
1302
1305
1306
1307
2891
1285
1305
1308
1309
2899
2907
1288
1310
1311
1312
2716
2844
1291
1310
1313
1314
1315
2852
1294
1313
1316
1317
1318
2860
1297
1316
1319
1320
1321
2868
1300
1319
1322
1323
1324
2876
1303
1322
1325
1326
1327
2884
1306
1325
1328
1329
1330
2892
1308
1328
1331
1332
2900
2908
1311
1333
1334
1335
2717
2845
1314
1333
1336
1337
1338
2853
1317
1336
1339
1340
1341
2861
1320
1339
1342
1343
1344
2869
1323
1342
1345
1346
1347
2877
1326
1345
1348
1349
1350
2885
1329
1348
1351
1352
1353
2893
1331
1351
1354
1355
2901
2909
1334
1356
1357
1358
2718
2846
1337
1356
1359
1360
1361
2854
1340
1359
1362
1363
1364
2862
1343
1362
1365
1366
1367
2870
1346
1365
1368
1369
1370
2878
1349
1368
1371
1372
1373
2886
1352
1371
1374
1375
1376
2894
1354
1374
1377
1378
2902
2910
1357
1379
1380
1381
2719
2847
1360
1379
1382
1383
1384
2855
1363
1382
1385
1386
1387
2863
1366
1385
1388
1389
1390
2871
1369
1388
1391
1392
1393
2879
1372
1391
1394
1395
1396
2887
1375
1394
1397
1398
1399
2895
1377
1397
1400
1401
2903
2911
1380
1402
1403
2720
2777
2848
1383
1402
1404
1405
2785
2856
1386
1404
1406
1407
2793
2864
1389
1406
1408
1409
2801
2872
1392
1408
1410
1411
2809
2880
1395
1410
1412
1413
2817
2888
1398
1412
1414
1415
2825
2896
1400
1414
1416
2833
2904
2912
1243
1417
1418
1419
2650
2721
1246
1417
1420
1421
1422
2658
1249
1420
1423
1424
1425
2666
1252
1423
1426
1427
1428
2674
1255
1426
1429
1430
1431
2682
1258
1429
1432
1433
1434
2690
1261
1432
1435
1436
1437
2698
1263
1435
1438
1439
2706
2913
1266
1418
1440
1441
1442
2722
1269
1421
1440
1443
1444
1445
1272
1424
1443
1446
1447
1448
1275
1427
1446
1449
1450
1451
1278
1430
1449
1452
1453
1454
1281
1433
1452
1455
1456
1457
1284
1436
1455
1458
1459
1460
1286
1438
1458
1461
1462
2914
1289
1441
1463
1464
1465
2723
1292
1444
1463
1466
1467
1468
1295
1447
1466
1469
1470
1471
1298
1450
1469
1472
1473
1474
1301
1453
1472
1475
1476
1477
1304
1456
1475
1478
1479
1480
1307
1459
1478
1481
1482
1483
1309
1461
1481
1484
1485
2915
1312
1464
1486
1487
1488
2724
1315
1467
1486
1489
1490
1491
1318
1470
1489
1492
1493
1494
1321
1473
1492
1495
1496
1497
1324
1476
1495
1498
1499
1500
1327
1479
1498
1501
1502
1503
1330
1482
1501
1504
1505
1506
1332
1484
1504
1507
1508
2916
1335
1487
1509
1510
1511
2725
1338
1490
1509
1512
1513
1514
1341
1493
1512
1515
1516
1517
1344
1496
1515
1518
1519
1520
1347
1499
1518
1521
1522
1523
1350
1502
1521
1524
1525
1526
1353
1505
1524
1527
1528
1529
1355
1507
1527
1530
1531
2917
1358
1510
1532
1533
1534
2726
1361
1513
1532
1535
1536
1537
1364
1516
1535
1538
1539
1540
1367
1519
1538
1541
1542
1543
1370
1522
1541
1544
1545
1546
1373
1525
1544
1547
1548
1549
1376
1528
1547
1550
1551
1552
1378
1530
1550
1553
1554
2918
1381
1533
1555
1556
1557
2727
1384
1536
1555
1558
1559
1560
1387
1539
1558
1561
1562
1563
1390
1542
1561
1564
1565
1566
1393
1545
1564
1567
1568
1569
1396
1548
1567
1570
1571
1572
1399
1551
1570
1573
1574
1575
1401
1553
1573
1576
1577
2919
1403
1556
1578
1579
2728
2778
1405
1559
1578
1580
1581
2786
1407
1562
1580
1582
1583
2794
1409
1565
1582
1584
1585
2802
1411
1568
1584
1586
1587
2810
1413
1571
1586
1588
1589
2818
1415
1574
1588
1590
1591
2826
1416
1576
1590
1592
2834
2920
1419
1593
1594
1595
2651
2729
1422
1593
1596
1597
1598
2659
1425
1596
1599
1600
1601
2667
1428
1599
1602
1603
1604
2675
1431
1602
1605
1606
1607
2683
1434
1605
1608
1609
1610
2691
1437
1608
1611
1612
1613
2699
1439
1611
1614
1615
2707
2921
1442
1594
1616
1617
1618
2730
1445
1597
1616
1619
1620
1621
1448
1600
1619
1622
1623
1624
1451
1603
1622
1625
1626
1627
1454
1606
1625
1628
1629
1630
1457
1609
1628
1631
1632
1633
1460
1612
1631
1634
1635
1636
1462
1614
1634
1637
1638
2922
1465
1617
1639
1640
1641
2731
1468
1620
1639
1642
1643
1644
1471
1623
1642
1645
1646
1647
1474
1626
1645
1648
1649
1650
1477
1629
1648
1651
1652
1653
1480
1632
1651
1654
1655
1656
1483
1635
1654
1657
1658
1659
1485
1637
1657
1660
1661
2923
1488
1640
1662
1663
1664
2732
1491
1643
1662
1665
1666
1667
1494
1646
1665
1668
1669
1670
1497
1649
1668
1671
1672
1673
1500
1652
1671
1674
1675
1676
1503
1655
1674
1677
1678
1679
1506
1658
1677
1680
1681
1682
1508
1660
1680
1683
1684
2924
1511
1663
1685
1686
1687
2733
1514
1666
1685
1688
1689
1690
1517
1669
1688
1691
1692
1693
1520
1672
1691
1694
1695
1696
1523
1675
1694
1697
1698
1699
1526
1678
1697
1700
1701
1702
1529
1681
1700
1703
1704
1705
1531
1683
1703
1706
1707
2925
1534
1686
1708
1709
1710
2734
1537
1689
1708
1711
1712
1713
1540
1692
1711
1714
1715
1716
1543
1695
1714
1717
1718
1719
1546
1698
1717
1720
1721
1722
1549
1701
1720
1723
1724
1725
1552
1704
1723
1726
1727
1728
1554
1706
1726
1729
1730
2926
1557
1709
1731
1732
1733
2735
1560
1712
1731
1734
1735
1736
1563
1715
1734
1737
1738
1739
1566
1718
1737
1740
1741
1742
1569
1721
1740
1743
1744
1745
1572
1724
1743
1746
1747
1748
1575
1727
1746
1749
1750
1751
1577
1729
1749
1752
1753
2927
1579
1732
1754
1755
2736
2779
1581
1735
1754
1756
1757
2787
1583
1738
1756
1758
1759
2795
1585
1741
1758
1760
1761
2803
1587
1744
1760
1762
1763
2811
1589
1747
1762
1764
1765
2819
1591
1750
1764
1766
1767
2827
1592
1752
1766
1768
2835
2928
1595
1769
1770
1771
2652
2737
1598
1769
1772
1773
1774
2660
1601
1772
1775
1776
1777
2668
1604
1775
1778
1779
1780
2676
1607
1778
1781
1782
1783
2684
1610
1781
1784
1785
1786
2692
1613
1784
1787
1788
1789
2700
1615
1787
1790
1791
2708
2929
1618
1770
1792
1793
1794
2738
1621
1773
1792
1795
1796
1797
1624
1776
1795
1798
1799
1800
1627
1779
1798
1801
1802
1803
1630
1782
1801
1804
1805
1806
1633
1785
1804
1807
1808
1809
1636
1788
1807
1810
1811
1812
1638
1790
1810
1813
1814
2930
1641
1793
1815
1816
1817
2739
1644
1796
1815
1818
1819
1820
1647
1799
1818
1821
1822
1823
1650
1802
1821
1824
1825
1826
1653
1805
1824
1827
1828
1829
1656
1808
1827
1830
1831
1832
1659
1811
1830
1833
1834
1835
1661
1813
1833
1836
1837
2931
1664
1816
1838
1839
1840
2740
1667
1819
1838
1841
1842
1843
1670
1822
1841
1844
1845
1846
1673
1825
1844
1847
1848
1849
1676
1828
1847
1850
1851
1852
1679
1831
1850
1853
1854
1855
1682
1834
1853
1856
1857
1858
1684
1836
1856
1859
1860
2932
1687
1839
1861
1862
1863
2741
1690
1842
1861
1864
1865
1866
1693
1845
1864
1867
1868
1869
1696
1848
1867
1870
1871
1872
1699
1851
1870
1873
1874
1875
1702
1854
1873
1876
1877
1878
1705
1857
1876
1879
1880
1881
1707
1859
1879
1882
1883
2933
1710
1862
1884
1885
1886
2742
1713
1865
1884
1887
1888
1889
1716
1868
1887
1890
1891
1892
1719
1871
1890
1893
1894
1895
1722
1874
1893
1896
1897
1898
1725
1877
1896
1899
1900
1901
1728
1880
1899
1902
1903
1904
1730
1882
1902
1905
1906
2934
1733
1885
1907
1908
1909
2743
1736
1888
1907
1910
1911
1912
1739
1891
1910
1913
1914
1915
1742
1894
1913
1916
1917
1918
1745
1897
1916
1919
1920
1921
1748
1900
1919
1922
1923
1924
1751
1903
1922
1925
1926
1927
1753
1905
1925
1928
1929
2935
1755
1908
1930
1931
2744
2780
1757
1911
1930
1932
1933
2788
1759
1914
1932
1934
1935
2796
1761
1917
1934
1936
1937
2804
1763
1920
1936
1938
1939
2812
1765
1923
1938
1940
1941
2820
1767
1926
1940
1942
1943
2828
1768
1928
1942
1944
2836
2936
1771
1945
1946
1947
2653
2745
1774
1945
1948
1949
1950
2661
1777
1948
1951
1952
1953
2669
1780
1951
1954
1955
1956
2677
1783
1954
1957
1958
1959
2685
1786
1957
1960
1961
1962
2693
1789
1960
1963
1964
1965
2701
1791
1963
1966
1967
2709
2937
1794
1946
1968
1969
1970
2746
1797
1949
1968
1971
1972
1973
1800
1952
1971
1974
1975
1976
1803
1955
1974
1977
1978
1979
1806
1958
1977
1980
1981
1982
1809
1961
1980
1983
1984
1985
1812
1964
1983
1986
1987
1988
1814
1966
1986
1989
1990
2938
1817
1969
1991
1992
1993
2747
1820
1972
1991
1994
1995
1996
1823
1975
1994
1997
1998
1999
1826
1978
1997
2000
2001
2002
1829
1981
2000
2003
2004
2005
1832
1984
2003
2006
2007
2008
1835
1987
2006
2009
2010
2011
1837
1989
2009
2012
2013
2939
1840
1992
2014
2015
2016
2748
1843
1995
2014
2017
2018
2019
1846
1998
2017
2020
2021
2022
1849
2001
2020
2023
2024
2025
1852
2004
2023
2026
2027
2028
1855
2007
2026
2029
2030
2031
1858
2010
2029
2032
2033
2034
1860
2012
2032
2035
2036
2940
1863
2015
2037
2038
2039
2749
1866
2018
2037
2040
2041
2042
1869
2021
2040
2043
2044
2045
1872
2024
2043
2046
2047
2048
1875
2027
2046
2049
2050
2051
1878
2030
2049
2052
2053
2054
1881
2033
2052
2055
2056
2057
1883
2035
2055
2058
2059
2941
1886
2038
2060
2061
2062
2750
1889
2041
2060
2063
2064
2065
1892
2044
2063
2066
2067
2068
1895
2047
2066
2069
2070
2071
1898
2050
2069
2072
2073
2074
1901
2053
2072
2075
2076
2077
1904
2056
2075
2078
2079
2080
1906
2058
2078
2081
2082
2942
1909
2061
2083
2084
2085
2751
1912
2064
2083
2086
2087
2088
1915
2067
2086
2089
2090
2091
1918
2070
2089
2092
2093
2094
1921
2073
2092
2095
2096
2097
1924
2076
2095
2098
2099
2100
1927
2079
2098
2101
2102
2103
1929
2081
2101
2104
2105
2943
1931
2084
2106
2107
2752
2781
1933
2087
2106
2108
2109
2789
1935
2090
2108
2110
2111
2797
1937
2093
2110
2112
2113
2805
1939
2096
2112
2114
2115
2813
1941
2099
2114
2116
2117
2821
1943
2102
2116
2118
2119
2829
1944
2104
2118
2120
2837
2944
1947
2121
2122
2123
2654
2753
1950
2121
2124
2125
2126
2662
1953
2124
2127
2128
2129
2670
1956
2127
2130
2131
2132
2678
1959
2130
2133
2134
2135
2686
1962
2133
2136
2137
2138
2694
1965
2136
2139
2140
2141
2702
1967
2139
2142
2143
2710
2945
1970
2122
2144
2145
2146
2754
1973
2125
2144
2147
2148
2149
1976
2128
2147
2150
2151
2152
1979
2131
2150
2153
2154
2155
1982
2134
2153
2156
2157
2158
1985
2137
2156
2159
2160
2161
1988
2140
2159
2162
2163
2164
1990
2142
2162
2165
2166
2946
1993
2145
2167
2168
2169
2755
1996
2148
2167
2170
2171
2172
1999
2151
2170
2173
2174
2175
2002
2154
2173
2176
2177
2178
2005
2157
2176
2179
2180
2181
2008
2160
2179
2182
2183
2184
2011
2163
2182
2185
2186
2187
2013
2165
2185
2188
2189
2947
2016
2168
2190
2191
2192
2756
2019
2171
2190
2193
2194
2195
2022
2174
2193
2196
2197
2198
2025
2177
2196
2199
2200
2201
2028
2180
2199
2202
2203
2204
2031
2183
2202
2205
2206
2207
2034
2186
2205
2208
2209
2210
2036
2188
2208
2211
2212
2948
2039
2191
2213
2214
2215
2757
2042
2194
2213
2216
2217
2218
2045
2197
2216
2219
2220
2221
2048
2200
2219
2222
2223
2224
2051
2203
2222
2225
2226
2227
2054
2206
2225
2228
2229
2230
2057
2209
2228
2231
2232
2233
2059
2211
2231
2234
2235
2949
2062
2214
2236
2237
2238
2758
2065
2217
2236
2239
2240
2241
2068
2220
2239
2242
2243
2244
2071
2223
2242
2245
2246
2247
2074
2226
2245
2248
2249
2250
2077
2229
2248
2251
2252
2253
2080
2232
2251
2254
2255
2256
2082
2234
2254
2257
2258
2950
2085
2237
2259
2260
2261
2759
2088
2240
2259
2262
2263
2264
2091
2243
2262
2265
2266
2267
2094
2246
2265
2268
2269
2270
2097
2249
2268
2271
2272
2273
2100
2252
2271
2274
2275
2276
2103
2255
2274
2277
2278
2279
2105
2257
2277
2280
2281
2951
2107
2260
2282
2283
2760
2782
2109
2263
2282
2284
2285
2790
2111
2266
2284
2286
2287
2798
2113
2269
2286
2288
2289
2806
2115
2272
2288
2290
2291
2814
2117
2275
2290
2292
2293
2822
2119
2278
2292
2294
2295
2830
2120
2280
2294
2296
2838
2952
2123
2297
2298
2299
2655
2761
2126
2297
2300
2301
2302
2663
2129
2300
2303
2304
2305
2671
2132
2303
2306
2307
2308
2679
2135
2306
2309
2310
2311
2687
2138
2309
2312
2313
2314
2695
2141
2312
2315
2316
2317
2703
2143
2315
2318
2319
2711
2953
2146
2298
2320
2321
2322
2762
2149
2301
2320
2323
2324
2325
2152
2304
2323
2326
2327
2328
2155
2307
2326
2329
2330
2331
2158
2310
2329
2332
2333
2334
2161
2313
2332
2335
2336
2337
2164
2316
2335
2338
2339
2340
2166
2318
2338
2341
2342
2954
2169
2321
2343
2344
2345
2763
2172
2324
2343
2346
2347
2348
2175
2327
2346
2349
2350
2351
2178
2330
2349
2352
2353
2354
2181
2333
2352
2355
2356
2357
2184
2336
2355
2358
2359
2360
2187
2339
2358
2361
2362
2363
2189
2341
2361
2364
2365
2955
2192
2344
2366
2367
2368
2764
2195
2347
2366
2369
2370
2371
2198
2350
2369
2372
2373
2374
2201
2353
2372
2375
2376
2377
2204
2356
2375
2378
2379
2380
2207
2359
2378
2381
2382
2383
2210
2362
2381
2384
2385
2386
2212
2364
2384
2387
2388
2956
2215
2367
2389
2390
2391
2765
2218
2370
2389
2392
2393
2394
2221
2373
2392
2395
2396
2397
2224
2376
2395
2398
2399
2400
2227
2379
2398
2401
2402
2403
2230
2382
2401
2404
2405
2406
2233
2385
2404
2407
2408
2409
2235
2387
2407
2410
2411
2957
2238
2390
2412
2413
2414
2766
2241
2393
2412
2415
2416
2417
2244
2396
2415
2418
2419
2420
2247
2399
2418
2421
2422
2423
2250
2402
2421
2424
2425
2426
2253
2405
2424
2427
2428
2429
2256
2408
2427
2430
2431
2432
2258
2410
2430
2433
2434
2958
2261
2413
2435
2436
2437
2767
2264
2416
2435
2438
2439
2440
2267
2419
2438
2441
2442
2443
2270
2422
2441
2444
2445
2446
2273
2425
2444
2447
2448
2449
2276
2428
2447
2450
2451
2452
2279
2431
2450
2453
2454
2455
2281
2433
2453
2456
2457
2959
2283
2436
2458
2459
2768
2783
2285
2439
2458
2460
2461
2791
2287
2442
2460
2462
2463
2799
2289
2445
2462
2464
2465
2807
2291
2448
2464
2466
2467
2815
2293
2451
2466
2468
2469
2823
2295
2454
2468
2470
2471
2831
2296
2456
2470
2472
2839
2960
2299
2473
2474
2585
2656
2769
2302
2473
2475
2476
2593
2664
2305
2475
2477
2478
2601
2672
2308
2477
2479
2480
2609
2680
2311
2479
2481
2482
2617
2688
2314
2481
2483
2484
2625
2696
2317
2483
2485
2486
2633
2704
2319
2485
2487
2641
2712
2961
2322
2474
2488
2489
2586
2770
2325
2476
2488
2490
2491
2594
2328
2478
2490
2492
2493
2602
2331
2480
2492
2494
2495
2610
2334
2482
2494
2496
2497
2618
2337
2484
2496
2498
2499
2626
2340
2486
2498
2500
2501
2634
2342
2487
2500
2502
2642
2962
2345
2489
2503
2504
2587
2771
2348
2491
2503
2505
2506
2595
2351
2493
2505
2507
2508
2603
2354
2495
2507
2509
2510
2611
2357
2497
2509
2511
2512
2619
2360
2499
2511
2513
2514
2627
2363
2501
2513
2515
2516
2635
2365
2502
2515
2517
2643
2963
2368
2504
2518
2519
2588
2772
2371
2506
2518
2520
2521
2596
2374
2508
2520
2522
2523
2604
2377
2510
2522
2524
2525
2612
2380
2512
2524
2526
2527
2620
2383
2514
2526
2528
2529
2628
2386
2516
2528
2530
2531
2636
2388
2517
2530
2532
2644
2964
2391
2519
2533
2534
2589
2773
2394
2521
2533
2535
2536
2597
2397
2523
2535
2537
2538
2605
2400
2525
2537
2539
2540
2613
2403
2527
2539
2541
2542
2621
2406
2529
2541
2543
2544
2629
2409
2531
2543
2545
2546
2637
2411
2532
2545
2547
2645
2965
2414
2534
2548
2549
2590
2774
2417
2536
2548
2550
2551
2598
2420
2538
2550
2552
2553
2606
2423
2540
2552
2554
2555
2614
2426
2542
2554
2556
2557
2622
2429
2544
2556
2558
2559
2630
2432
2546
2558
2560
2561
2638
2434
2547
2560
2562
2646
2966
2437
2549
2563
2564
2591
2775
2440
2551
2563
2565
2566
2599
2443
2553
2565
2567
2568
2607
2446
2555
2567
2569
2570
2615
2449
2557
2569
2571
2572
2623
2452
2559
2571
2573
2574
2631
2455
2561
2573
2575
2576
2639
2457
2562
2575
2577
2647
2967
2459
2564
2578
2592
2776
2784
2461
2566
2578
2579
2600
2792
2463
2568
2579
2580
2608
2800
2465
2570
2580
2581
2616
2808
2467
2572
2581
2582
2624
2816
2469
2574
2582
2583
2632
2824
2471
2576
2583
2584
2640
2832
2472
2577
2584
2648
2840
2968
)


// ************************************************************************* //
